1.661195525035870730e+02
1.948917380359256413e+02
1.509629568100015149e+02
1.369926562857080796e+02
1.957404442923305794e+02
2.246032847018097414e+02
1.365081871422421216e+02
2.095998157049332917e+02
1.518071786443256883e+02
9.238927745449599627e+01
1.360196987003143079e+02
1.504699756953568510e+02
1.504253270063884713e+02
1.808175492971317908e+02
1.359681739741225499e+02
1.511981844409941118e+02
1.794057817022505787e+02
1.071036176642927558e+02
1.650335035865864768e+02
1.219326946087158490e+02
1.801363374295386564e+02
1.513992887832064014e+02
1.659417905350611591e+02
1.355363789417265821e+02
1.660479871244751848e+02
1.643809339944860710e+02
1.951250595813754956e+02
1.664328814267411190e+02
1.946211242410595048e+02
1.367628323959780232e+02
1.664742220181194625e+02
2.398892143816399596e+02
1.363603586979880333e+02
2.397175323113458489e+02
1.799482000221333635e+02
1.956432132349058861e+02
1.946380226053919955e+02
1.801408882184588265e+02
1.076480249000220795e+02
1.214044992667195686e+02
1.518047456540984967e+02
1.514014892389662634e+02
1.798673429036122116e+02
1.068762855722494436e+02
1.649378673754193301e+02
1.957940853211495948e+02
1.805854137781497286e+02
2.388491216004273667e+02
2.106926491219267632e+02
2.394200702754644681e+02
1.940707654066661121e+02
1.517668611425460199e+02
1.952228154756510037e+02
1.803944715287886993e+02
1.363962176164114908e+02
1.368499604179269511e+02
1.658075198918739659e+02
2.104383912163182515e+02
2.399551687153955868e+02
1.954749838958257442e+02
1.959271865293281962e+02
1.660791860181713560e+02
2.235550846681427970e+02
2.102061204946713246e+02
1.657139281593233591e+02
1.951118778572391079e+02
2.690188525464790246e+02
1.791400551462780584e+02
2.829406419598728917e+02
1.653685938963914452e+02
2.232736163593034746e+02
2.546643618010321006e+02
2.699714718601810546e+02
1.960699703394986102e+02
2.092015151123806618e+02
1.952337828147763332e+02
1.803090808940765157e+02
2.241415412115251513e+02
1.959172880282696951e+02
1.510457451052057252e+02
1.942065908140692727e+02
2.681244757831693732e+02
2.225087320985085171e+02
2.694487941714083377e+02
2.092516424352459410e+02
2.683829429051942270e+02
2.979209551867546679e+02
2.523179059671278708e+02
1.952262838686418149e+02
2.095283335206385402e+02
2.099786674077624298e+02
2.832236719405872236e+02
2.683258047883763879e+02
2.235457577550004657e+02
1.945753012267857116e+02
2.103330584821194122e+02
2.833014855484523764e+02
2.382714935265104828e+02
2.820971516620964508e+02
3.134409649852167945e+02
2.387294709632908507e+02
2.985152798624174579e+02
3.563742654909823386e+02
2.695393532098646574e+02
3.417211477291871233e+02
4.606960664734403395e+02
5.312279010969193678e+02
5.359862970704662075e+02
2.669002532370265044e+02
2.829215059703907968e+02
2.387128508469363055e+02
5.467512552211902630e+02
6.215674632035265859e+02
4.437862270402092690e+02
2.093584555003670857e+02
1.512225450527102453e+02
2.694249635472856994e+02
2.964764127692690749e+02
2.835422655855842322e+02
1.368200865824788082e+02
1.805033592822835544e+02
4.009375972662215304e+02
2.685982175592210410e+02
2.673618002368914972e+02
2.818078911668354181e+02
2.687813852266636445e+02
2.817822676921173297e+02
3.872157455737707323e+02
2.677262894638975013e+02
3.270312520180950742e+02
1.938873797533963739e+02
2.101629839676187430e+02
3.425691014036947877e+02
2.691611040110137196e+02
2.683449091716677799e+02
2.094474194548422474e+02
2.676375099409005998e+02
3.577117938092756617e+02
3.716253543373637740e+02
2.240836373209567398e+02
2.667756630492712020e+02
1.950970060700325917e+02
2.674778392149680712e+02
4.902037535742988439e+02
1.515315270841685447e+02
4.736597219421071827e+02
2.828069837138108369e+02
1.364819616351398963e+02
2.387404511649343988e+02
2.683863532641849474e+02
1.658070250690585965e+02
2.686743245786013858e+02
1.952590791992133177e+02
2.671449589094117982e+02
2.670163238863912625e+02
1.515279027298699361e+02
2.530760081940284181e+02
1.954768067391324280e+02
1.216185557814080482e+02
2.688353084791159517e+02
1.513137312499124505e+02
2.967315168363797966e+02
2.673485371504452814e+02
3.570375139796300346e+02
4.577902916922045620e+02
3.286485378519389542e+02
3.568831208910117425e+02
2.836154354275528249e+02
2.684747173722088291e+02
1.515097305699509889e+02
1.666877243192684546e+02
2.700247279575996799e+02
2.243118628261243259e+02
3.894738443532807537e+02
2.976979079077861456e+02
1.663609319102129120e+02
2.541750418629427486e+02
2.675636395678935742e+02
3.736505033624964653e+02
2.841251605524055321e+02
4.436392216148740886e+02
3.871107722709328982e+02
4.021321817732039108e+02
6.521723003892550423e+02
1.220298592477241897e+02
1.658957163805466735e+02
2.830540950691903390e+02
3.572632336196413689e+02
1.957958372225562584e+02
1.804946324087577523e+02
4.153519455983131934e+02
3.102033168766653830e+02
5.893087173184458152e+02
5.613459395208996057e+02
7.533524090237600603e+02
5.334285664049562001e+02
1.064235160853420297e+02
6.069381804610716244e+02
5.774180400641189408e+02
1.954328313404879509e+02
4.736640465848939812e+02
6.490455585720405907e+02
9.206020770150948351e+01
3.873210989429110214e+02
7.766657036094559885e+01
2.678438517664924916e+02
3.288187557972476043e+02
3.432353290430259563e+02
3.363270656408116679e+02
7.748287898545532926e+01
9.185194033214942522e+01
2.668850182133986664e+02
1.637288407869855291e+02
2.812541367235498342e+02
6.052251585723438438e+02
5.768253225449074080e+02
3.411067164415499064e+02
6.926151246190587472e+02
3.264866652935479010e+02
9.396869399448463582e+02
4.015586775316957073e+02
2.379556858792014395e+02
3.564249040638825932e+02
2.646289490160681339e+02
6.931949991536133666e+02
8.548573637109657284e+02
3.401678282977557615e+02
9.714485712454365967e+02
2.667365693873867372e+02
6.349631712320197039e+02
2.682175653592365165e+02
4.605222085346246104e+02
2.681279735661507857e+02
1.248697256646374171e+03
8.952218829376903386e+02
1.260698593307202600e+03
3.871913336487490369e+02
3.281457652477064926e+02
3.571086180656066631e+02
1.000617329903460814e+03
1.177820011843769635e+03
5.031105977233696080e+02
5.173646410599304772e+02
1.349146102596303649e+02
2.552213493183075457e+02
5.187250189192781136e+02
3.872408314324672460e+02
5.163189264120411508e+02
5.348936287001391747e+02
2.398804600063064072e+02
6.776550683886598563e+02
2.844179669303950959e+02
3.866890418244952343e+02
2.384622460202471075e+02
6.785679473556158428e+02
5.642630998608110531e+02
3.725317475954826705e+02
7.561684174496996320e+02
1.030822021554184175e+03
8.544625637897664774e+02
6.195429184027616429e+02
1.356234024349277547e+02
7.235021786791969589e+02
2.670208571759555980e+02
3.409970320010970113e+02
4.141034530730090637e+02
1.276419513556898437e+03
7.075007596790402431e+02
5.754824485063654720e+02
5.595241407122899773e+02
5.902096188461750899e+02
2.390335359601272387e+02
3.277184450489913274e+02
2.089053529240104581e+02
2.691971572362223242e+02
1.116699697508449844e+03
2.401560367420582622e+02
1.058519611398939560e+03
1.759111856531463445e+03
2.374874567671246496e+03
1.378837218204046167e+03
1.029978478890333236e+03
2.675692378472954260e+02
6.228432248055856917e+02
9.099121155715629357e+02
2.963606995865117142e+02
3.276403332425497297e+02
2.670661921429525592e+02
6.625707523625700333e+02
9.261905086888581309e+02
5.893971014569490308e+02
1.790072988903307305e+03
4.021578291840066868e+02
4.909402938488203745e+02
8.368333049029878339e+02
5.187041760520837670e+02
2.669503344877905420e+02
1.540407478363376640e+03
4.152412759215128517e+02
5.615776172110436164e+02
6.508326468795268056e+02
2.676176878237627079e+02
3.991788210555440060e+02
2.674588034038649198e+02
8.229815590400773999e+02
7.697528420585604181e+02
2.681073897422008940e+02
3.285527026826932229e+02
4.601160061345018448e+02
2.834805390296732526e+02
4.893422517182556817e+02
6.946187325035092499e+02
2.376818855767841967e+02
7.828370320236668931e+02
1.510477970822533962e+02
4.457032424657620595e+02
2.694116272152717215e+02
7.805418654158171421e+02
1.077034856530024854e+03
3.877907688569471247e+02
1.407826611340085492e+03
7.537300724697931855e+02
6.509166232068727140e+02
1.130224564821551439e+03
8.227439109881844388e+02
3.128990784060754322e+02
6.949920684892958889e+02
1.278445012397647133e+03
6.763973738635004338e+02
6.770635600197801978e+02
3.857616929107774126e+02
5.355428357832656729e+02
2.666291614829779064e+02
5.490727389151959414e+02
4.893457995935864346e+02
3.726023672672064890e+02
3.578628734694016202e+02
1.507145587408607526e+03
1.592784943422930382e+03
2.699939092348076315e+02
1.244712679963546861e+03
4.169475037716057955e+02
2.668959180725249780e+02
2.234242123008323233e+02
8.402330487989220273e+02
6.921900402805754311e+02
2.102564871372370021e+02
2.662018670218191119e+02
5.202236237010074547e+02
1.359750630203318167e+02
1.931664543511715806e+02
2.692518005376452379e+02
2.650191556794441681e+02
3.430971922586372216e+02
9.545611642162782573e+02
1.408671646852860249e+03
9.834532803710794724e+02
4.602026090638669302e+02
1.211629381455090453e+02
7.518427370467494484e+02
4.147264967099234809e+02
2.656903176497609707e+02
1.489447993976969258e+02
2.678440396026507528e+02
2.811646877946167251e+02
2.660964166434518461e+02
5.006447318306266538e+02
1.953177983735230043e+02
4.590727980971626607e+02
8.954154704191922747e+02
2.683520965203305195e+02
2.669708105196280030e+02
1.776004530730606916e+02
1.642544025899241547e+02
2.680320481231375425e+02
2.678158189807587064e+02
3.550985946466498149e+02
2.669447738186366337e+02
4.725623445211506350e+02
2.815834402709601250e+02
5.009605368939909908e+02
2.224281670480101809e+02
1.206950382681146152e+02
7.408855144178166938e+02
2.700804549331417661e+02
1.499789791720605763e+03
2.689674764961065421e+02
2.677082089568302194e+02
3.427330230615116307e+02
7.099511641198821508e+02
4.456879794269144668e+02
4.740810548345877464e+02
6.067802387824277730e+02
6.654965377904194384e+02
2.699620686119006336e+02
4.881890945118022387e+02
8.425785481038258240e+02
5.175203790745152901e+02
9.449637271153595748e+02
6.804751147982925659e+02
1.088156936492563318e+03
3.414175608120603442e+02
9.724162748966214167e+02
1.275931592950252934e+03
9.406021416410994789e+02
1.014566442117345105e+03
4.313837526357945649e+02
1.469460284515039348e+03
9.899010588765222565e+02
7.793142814667451148e+02
5.332519294431194794e+02
5.637693416360847323e+02
8.826130389553915165e+02
2.168486277166904074e+03
1.657658030908596913e+02
4.752569785858677278e+02
1.138937863201016626e+03
1.945040837189865783e+02
2.774647904394418674e+03
1.949633186429790612e+02
7.232316669204122945e+02
9.535206406131443373e+02
3.280732056597396422e+02
5.042949889060748205e+02
9.858003519837548083e+02
1.657993563364035481e+03
5.633496522039234833e+02
6.922936826922287992e+02
6.369296077617001401e+02
2.097662974054118195e+02
3.588765268238009867e+02
1.727796773848385101e+03
2.984263559164845105e+02
8.116191739626513026e+02
2.680783085320549617e+02
1.437256351798637070e+03
2.003483233388703866e+03
4.481110791747920530e+02
7.062633427249710394e+02
2.837843304184074782e+02
3.576611049723870792e+02
4.019925422766489191e+02
1.090095971513838776e+03
2.550007747079214823e+03
4.875702486685445933e+02
1.233552455613281154e+03
1.323555222826068757e+03
1.796907329545254015e+03
1.334994223288983676e+03
8.086799760637034069e+02
1.290954960830020354e+03
6.476386055308045115e+02
5.781583170986768891e+02
3.420295747736028034e+02
2.823932952929482099e+02
7.655024287102504559e+02
1.660215286771430101e+03
8.093349087007723028e+02
8.097373294161990316e+02
1.369280192448734965e+02
2.684479685111191998e+02
2.671356349216719082e+02
2.673377874133986438e+02
6.051060420746800901e+02
2.676207654482679459e+02
2.685216988441891317e+02
3.273740989504747745e+02
2.824904875369274464e+02
2.687932167745129277e+02
2.678612087482374022e+02
3.577786887661933974e+02
1.423013117375617639e+03
2.696397622368002658e+02
5.318270683950336206e+02
1.365542230619923600e+02
2.234892162470425774e+02
8.674106058093394722e+02
7.517299281060069234e+02
8.411919627452975874e+02
8.089144921039869587e+02
8.552265013324728216e+02
1.673170240660395621e+03
5.908957708587837487e+02
1.305800767564861644e+03
7.924549045746815636e+02
5.893817466887741148e+02
1.614225582064758555e+03
5.470615414392211733e+02
1.101391455566056038e+03
3.538021381672928101e+02
6.895717592615711737e+02
1.698749757578437311e+03
5.934294293483442289e+02
1.791631586921169799e+02
7.655919038249769528e+02
7.047621835978860645e+02
1.907004599671800179e+03
4.737646959817677725e+02
9.267333762774765091e+02
9.108714544721150332e+02
2.951467162297082041e+02
4.002624690060331432e+02
2.666814067360029412e+02
7.064011132086220641e+02
2.215026240638592583e+02
7.716640099444902035e+01
1.198969113467722138e+02
3.111829448906045741e+02
6.660923657001841320e+02
2.238528931792507137e+02
1.506962051461766578e+03
6.634723385332216594e+02
2.387366842623713410e+02
1.702036104619670141e+03
2.094913122318559431e+02
1.076574598394437999e+03
3.123460053691575808e+02
6.945723087690490729e+02
1.193018692756219252e+03
3.249976203191755530e+02
3.569628451036207935e+02
5.757767471662465368e+02
3.278618664082379155e+02
1.804026408376550705e+02
1.041333263999425981e+03
4.315908909428256379e+02
2.528057901416763968e+02
1.798445108491226847e+02
1.482149790523096271e+03
1.366829573327336504e+02
2.680566998513192516e+02
2.678900974309940466e+02
2.240459916020446656e+02
2.247223959537050177e+02
7.083688511297849573e+02
6.504828698676396925e+02
8.105966516527722661e+02
6.801197141927623306e+02
1.700692185917382403e+03
9.404659512452245735e+02
7.941439472735278287e+02
1.901422669619627413e+03
2.392337817707766021e+02
2.846029848558885078e+03
3.838279476268814392e+02
1.433677907908640009e+03
2.673079575894569189e+02
1.658914156348481299e+02
5.886808982008875546e+02
2.532899278804511027e+02
2.828626316929680229e+02
5.302788900133863308e+02
3.127703159535015516e+02
6.655961597549791122e+02
8.417097117246240714e+02
6.656594502165829681e+02
4.573878180480169249e+02
2.818416100488228153e+02
1.234378254167731029e+03
1.043725041721974549e+03
1.232159864432942868e+03
1.805325359993704524e+02
4.574739873229756881e+02
9.148876211580894733e+02
4.610078427557030523e+02
2.694858252087938126e+02
7.392462762242384997e+02
3.570431769622182856e+03
1.050957840061135585e+03
1.027969481093041395e+03
1.367051775158658529e+03
5.807267892441182084e+02
6.668416084659194212e+02
7.811524589455286787e+02
7.828311191008099286e+02
3.287913733909166467e+02
1.813432535486261258e+03
1.307132450524502701e+03
4.604651737460466165e+02
4.443123042283365862e+02
2.705980430124342320e+02
1.845195207898791068e+03
1.264599975244780580e+03
8.976202893409341641e+02
3.710954334550784210e+02
1.188093107340348979e+03
2.460124440113487708e+03
1.045642789870669276e+03
2.633758985992839371e+03
1.750751069069950745e+03
4.169203508218433285e+02
2.002896594280820182e+03
2.133130786407068172e+03
2.807036485275633595e+02
8.535032368538693390e+02
1.275446408644453186e+03
5.328779404869875407e+02
2.053437510051870959e+03
3.694501641077947056e+02
8.545646334707151937e+02
1.539367798821419228e+03
1.851020706151172817e+03
3.839013130432210801e+02
2.647469341555688516e+02
1.366413795642809816e+02
1.804204749945704975e+02
2.679351723047948894e+02
1.513245516476603711e+02
2.686557358347421882e+02
2.149906068049968326e+03
2.979398446189999277e+02
2.681313697065397150e+02
2.085355298497730132e+02
2.094349234717542174e+02
7.367700883140763608e+02
1.408722742524046453e+03
3.424667618518926133e+02
9.418156617290334225e+02
1.798313022808294193e+02
1.653913491770215387e+02
2.675742412772996772e+02
1.599554718026990940e+03
2.297217708139783099e+03
2.915905680296234550e+03
5.179515603488638362e+02
4.889403562096383098e+02
5.489399989781198883e+02
5.032884662071766684e+02
1.318363601500805999e+03
7.685703340851699750e+02
1.643401159304844214e+03
6.028365449141465433e+02
3.132655525292501579e+02
9.389915832673126488e+02
1.086600751266099905e+03
5.614540788564144123e+02
5.029604321057861398e+02
4.296780197893730815e+02
1.291589458346274114e+03
1.163697200144786166e+03
5.495034040645664390e+02
3.277047641158367242e+02
1.319820973978985876e+03
7.988238582403175769e+02
1.071013481263717495e+03
1.468799431331826781e+03
1.948925693374485945e+03
1.469061058947967013e+03
3.280600244851492562e+02
1.074061367132763280e+03
4.745786646648390388e+02
1.980110230442318652e+03
2.458275035725318958e+03
8.129089473225645861e+02
1.012955946092708132e+03
5.751021177518412060e+02
7.810554630741841038e+02
2.692511063322356790e+02
2.227966308760123411e+03
1.451215935304482400e+03
6.934795493270903535e+02
6.480533013096759305e+02
2.224554014131348595e+03
1.083737013162091444e+03
9.573914631659736187e+02
1.115750058858087414e+03
7.378847744169391945e+02
4.464539644749644935e+02
7.653053490637050800e+02
7.495109924216098989e+02
1.770707219064528545e+03
5.152543188617446503e+02
1.571949112251616725e+03
8.946487190904098270e+02
1.142175674466147257e+03
1.638911128784577613e+03
5.198985826627531424e+02
6.654399092303082170e+02
4.874109413643871562e+02
1.828576887780694506e+03
7.366797703561331900e+02
2.825980201036693984e+02
7.488317375890600260e+02
4.610098504114821480e+03
7.797606866266714860e+02
6.951636702765907785e+02
8.722629387700498000e+02
1.663581589946599934e+03
1.335190640698619745e+03
6.798676623084920720e+02
1.236731802888698894e+03
1.975431390640084828e+03
2.402655360858076619e+03
1.453119709379659298e+03
1.058564761194940274e+03
1.365741389815209459e+03
2.123331654087081915e+03
2.688417146650222662e+02
2.682936643625751913e+03
2.848225131716363308e+02
1.514752666113376108e+03
3.190327453325165607e+03
3.087220633637553533e+02
3.569118117763022724e+02
4.879443071346121314e+02
2.686872789482588360e+02
1.847496080237709975e+03
5.794218049115954727e+02
2.672442144169891094e+02
2.982179363228984244e+02
2.837809414379934196e+02
9.719464524768626461e+02
2.294807776741978614e+03
7.600350197885784382e+02
9.402651472471428633e+02
8.410374630290883715e+02
7.608362775502639579e+02
7.532598210557375751e+02
6.804878686114838047e+02
9.143650176179894515e+02
1.674658633041411804e+03
4.150889530164914163e+02
2.397991329301258247e+03
2.528498536585801958e+03
3.393451071154507304e+02
1.468432135361917744e+03
4.142704811707301928e+02
1.362637340048005854e+03
2.979883387315119307e+02
2.680765335092625037e+02
5.766083485325068523e+02
7.103605860781888168e+02
2.270695342153700494e+03
1.146998615019131194e+03
1.041417229162354033e+03
1.100153559929117364e+03
6.508435351802489777e+02
2.785049831418527901e+03
3.047979714227562454e+03
2.677539280306548903e+02
3.859376409066047131e+02
1.236113249148133264e+03
6.511507983423406358e+02
1.950516970198186186e+02
9.598163775198842131e+02
1.482577301492084416e+03
4.452370507978031355e+02
4.608799328265787949e+02
2.846791518765584215e+02
3.277832688994103592e+02
5.027095047814054283e+02
1.938925709517577388e+03
2.688751944875214690e+02
3.723468946166908040e+02
3.560429023988381800e+02
3.712778330410734497e+02
2.127917843321924465e+03
2.689466520872147157e+02
7.550212132520969135e+02
1.088969195682363534e+03
4.895993339059667164e+02
4.173876629053160059e+02
2.155951932597106861e+03
4.736152055057276584e+02
1.114773864879029361e+03
1.013350568951198966e+03
2.023743475882304438e+03
7.392934061298508368e+02
3.437968908267733354e+02
2.836725703543760346e+02
4.756078241109116220e+02
4.603366924461194003e+02
4.480505153573171242e+02
1.105384537869800852e+03
2.108541138362034815e+02
4.604740424140198911e+02
5.927997783053269814e+02
5.640985027493475172e+02
3.283360633967169179e+03
3.434235378398288390e+02
4.758254405301817656e+02
5.185249056499606013e+02
8.534082596076011669e+02
2.926293169133042738e+03
5.043605052475590469e+02
1.392977908185689330e+03
1.882019700974229181e+03
1.288684845512431139e+03
1.075040315235933349e+03
8.421333409490848680e+02
4.902509803709158973e+02
6.648261358799502432e+02
2.672508420020978974e+03
3.177647367606226453e+03
1.072983940569709148e+03
5.490081549979124702e+02
2.834414722139602532e+02
4.586766842578432261e+03
2.576165128511468083e+03
1.116519396710980573e+03
5.336039790062840211e+02
1.905544004873311451e+03
3.592906553214705127e+03
3.039824616135532324e+03
9.715831514884226863e+02
1.832725588612534011e+03
1.906204221529155120e+03
2.697232489107350375e+02
6.967289479077779788e+02
3.717331238320735451e+02
6.068144857756227566e+02
5.022208908940560832e+02
3.436121563494967177e+03
8.566875588485465869e+02
5.476671224093802266e+02
5.339237959936212974e+02
2.109744000294688249e+03
2.534083628985117684e+03
1.451643951594325699e+03
4.306101287178414623e+02
5.466270377555720188e+02
8.700293694443141703e+02
7.676010071845532821e+02
8.679149837247035748e+02
3.710531283585934261e+02
5.317705272602818241e+02
7.661432950024849333e+02
6.353169017921359227e+02
4.444788105772760787e+02
4.306923498465779403e+02
5.629894962328903603e+02
6.931000190252945004e+02
6.939794610652622850e+02
8.840330632792665710e+02
1.694373308066108848e+03
1.455383658354325007e+03
2.038804910453081220e+03
6.488341486874412567e+02
2.994745423214651964e+03
9.273820307444538003e+02
1.572438085002052958e+03
6.488569358101974558e+02
1.012562482276986771e+03
1.145622024393778929e+03
1.103803728499847693e+03
1.524145750976653744e+03
2.688133138498959624e+02
2.505722660223658295e+03
1.625695820463093014e+03
1.001943469982833335e+03
6.639126240296832293e+02
2.184470917024091250e+03
3.321803743465137359e+03
2.834713399311244189e+02
9.433634573725665859e+02
5.775121694720892265e+02
2.118415331955660349e+03
2.893558018029615596e+03
3.441355056768653640e+02
4.604043007905914351e+02
1.731092114623196267e+03
2.831408259724362324e+02
7.991562592871570132e+02
3.478682791405007720e+03
4.463158003129013878e+02
1.515808937317654227e+03
1.502524487661217563e+03
2.769133694818679032e+03
3.146058332996753506e+03
1.245096547489430804e+03
1.527655228957542022e+03
4.298481574263634570e+02
9.879253926848729179e+02
1.629246691447356625e+03
9.428559170480338025e+02
1.351661449257323284e+03
2.541366550242630183e+03
9.862158541101709943e+02
1.436656550041540868e+03
1.921653648395814344e+03
4.745578212010619836e+02
1.508853482849530110e+03
3.120790434238092985e+03
9.716221026818253677e+02
1.091740059591578756e+03
1.802792178564105143e+03
5.625118261108835895e+02
2.505317242383295707e+03
1.146276562696608380e+03
1.391651003388349636e+03
6.800896773139975267e+02
2.018190840724495501e+03
2.311579921434228254e+03
3.074410675524999533e+03
9.836769727513184307e+02
2.693797030764974352e+02
1.963815510333073689e+03
3.428952486433025229e+02
2.573270354754713480e+03
1.031203941449334025e+03
1.976787461974110101e+03
9.684850548832708910e+02
2.683895426476025250e+02
8.119423415491031619e+02
3.434372853516983923e+02
1.537934887368629688e+03
2.992690722597653803e+02
9.992925004278741881e+02
2.687034415883828387e+03
7.696167828138652567e+02
1.526787387576936908e+03
1.669904257551387673e+03
1.349664802698802077e+03
1.028183593925294190e+03
9.438926822897616375e+02
1.525219148985847823e+03
2.279071482020000531e+03
2.644652935859697664e+03
9.714866326711853617e+02
9.470848748148107461e+02
1.596354369841291145e+03
2.061780969856815773e+03
2.286966058151199832e+03
3.022805637437614223e+03
9.687609996133708137e+02
1.531264629803008120e+03
7.525345316447785535e+02
5.497946613759584125e+02
3.001635490780558030e+03
6.944966850494895425e+02
1.860811207433433310e+03
2.015419631661322001e+03
2.602461698147689276e+03
1.524251040512894633e+03
9.841513809599399565e+02
2.674565400288100250e+02
1.935039555106948683e+03
2.680825090481973803e+02
3.143451105636301691e+03
6.788914813054385604e+02
2.248451771904156544e+02
3.128966527439471861e+02
1.175995843198454850e+03
2.683620886870115214e+02
1.953446689927457669e+02
2.097480837120154433e+02
2.978508318248863134e+02
2.674195489021358298e+02
7.810427499102356705e+02
2.674409670117398150e+02
1.852631270180806951e+03
2.123005995348733904e+03
6.515877578140911055e+02
1.060160827740540071e+03
2.839046738214045718e+02
4.754846499891266376e+02
5.161233424285371711e+02
7.089329926864862728e+02
2.166626196903119308e+03
8.994116190916707865e+02
1.276634131506439871e+03
1.773129980974484170e+03
5.636771796856246510e+02
2.077473576920335290e+03
4.303969656922888021e+02
3.422222888199629551e+02
4.904998078087396038e+02
1.979094816854097189e+03
2.328187819340108945e+03
4.741623987605835850e+02
6.044234561286617691e+02
1.654673878877900734e+03
7.225382039643400276e+02
8.239588301904910850e+02
1.030622699209716757e+03
6.333833881303232829e+02
5.059217284559233576e+02
3.077885847697294139e+03
7.376962378652672214e+02
1.060013838078050867e+03
2.123145171479713554e+03
8.384742806642341293e+02
7.385483255066174024e+02
1.278476988342339837e+03
4.161232556562670766e+02
1.555311377229195386e+03
9.570507233721315288e+02
2.958596202169500430e+03
8.120497839815700445e+02
9.738761450024778696e+02
1.514371641843309817e+03
5.352614542422587647e+02
2.694215903826190583e+02
3.858739749054061576e+02
1.059691727615896525e+03
1.397419432398847675e+03
2.245776072057635247e+03
2.692540189516205828e+03
2.444496960799856879e+03
2.848423422773905145e+02
6.645600052648613882e+02
2.077134419944796718e+03
9.969720112443284279e+02
9.287120447712705982e+02
1.059148790898856305e+03
1.499543947943441253e+03
2.533082196294388666e+02
7.972750826434603368e+02
4.087870783672058678e+03
1.000582404802200244e+03
2.137258726017363642e+03
6.220756725726687364e+02
6.367058890580244679e+02
1.655617098244524072e+02
2.096373273737282261e+02
1.174806750417579224e+03
3.864575102996742544e+02
2.690107480744221448e+03
8.261562849831350377e+02
9.697602659574262134e+02
1.598315812049575470e+03
2.634726772298169180e+03
2.835021156184873803e+02
2.095768425501995011e+02
9.848241363117784886e+02
1.499574171489997298e+03
6.811215625798075735e+02
2.989970024983689655e+03
4.465236824902926287e+02
8.717588361268994959e+02
1.926120489625830487e+03
1.965581884956890008e+03
1.013853923734596947e+03
2.869467348570718968e+03
1.610744521333729608e+03
2.209135744374149454e+03
2.167124264407810642e+03
3.055034918199082767e+03
1.119033059236002373e+03
1.809918729574325880e+03
6.569446247266156206e+03
1.805441369932047110e+03
6.795976235073787848e+02
3.271071316568995826e+03
9.024977957440469254e+02
2.690393394156485556e+02
2.602155932020900309e+03
2.953642321141201592e+03
3.536934697034608234e+03
1.015815719576683250e+03
1.873562001378982814e+03
2.616348094984836735e+03
1.204595971823821401e+03
5.791479182340249281e+02
1.015360531858530180e+03
2.401673856679197343e+03
2.721974818012989090e+03
2.853407585143185315e+03
8.256900060973727022e+02
9.453457282440015206e+02
2.372560062130108690e+03
3.073962701629570347e+03
6.499773996079909466e+02
4.411215145566537103e+03
3.575167681334419285e+02
2.391782375890140429e+03
2.533513066770942714e+02
3.683369172202962091e+03
9.275567715862092655e+02
1.015325004378338122e+03
2.866514784803766361e+03
2.693644699222558643e+02
1.205313716701114799e+03
1.000158289325204237e+03
1.056794229001192434e+03
1.785937036617855938e+03
3.654038219207561269e+03
2.124745522838717079e+03
2.660833813113230462e+03
2.649215392837620129e+03
2.576426778224067675e+03
1.150322686385407906e+03
2.040414541471196117e+03
2.534041959892894283e+03
8.843817635033560691e+02
2.575999391437289887e+03
6.682188217544203326e+02
8.583659094778499821e+02
2.767313452619239797e+03
1.018337568649433138e+03
2.508825625815246894e+03
6.816566269822486674e+02
3.987895610955788015e+03
2.227429749595557496e+03
1.451599182058316273e+03
1.758786790032872659e+03
3.144885162566140934e+03
4.298760621577657162e+02
2.765255222344268532e+03
2.677999276227942005e+02
3.989336352151454776e+03
2.134600500295900474e+03
1.190229086326394281e+03
4.472364056916704612e+03
1.018844022647956649e+03
1.701280046189633595e+03
2.380385560268464360e+02
1.130642611658227906e+03
4.199193662252052491e+03
1.250156622672328467e+03
1.657279651665979827e+03
8.391341584867302572e+02
3.553886657198116154e+03
8.013521925521988578e+02
1.715769178226729309e+03
1.602382470097915984e+03
3.246576227513258800e+03
3.075466810060553144e+03
8.551196492822043638e+02
1.514949855627872921e+03
1.540648373161531026e+03
2.986170025477292256e+03
2.981876911463213560e+02
7.256759517926354874e+02
2.688033319595839998e+02
2.362743696642646682e+03
5.522822105240871679e+03
2.300492758678248720e+03
4.343826055815698965e+03
3.138105921203509183e+02
4.896157849690050625e+02
2.899120101773015449e+03
9.414495734462193468e+02
1.336242623350196027e+03
1.408227718381309614e+03
1.717877544677306332e+03
2.478244395553037066e+03
3.656245447022613462e+03
4.360554372869223698e+03
1.672073625410391742e+03
2.377712240025059600e+03
7.524504985761532225e+02
4.514368032462562951e+03
3.263118391067686844e+03
9.569773078201362750e+02
4.871178186990852055e+02
2.065526351263601100e+03
2.930739473420330796e+03
4.079497194511508496e+03
1.043680293463964972e+03
2.137663487539682592e+03
3.355358348835817651e+03
2.854876824364553613e+03
1.290481122764170323e+03
1.059646049325225022e+03
1.803607963055743994e+03
2.547803301243004171e+03
1.450269011951997300e+03
4.712945405279575425e+03
1.777389134708391111e+03
2.433312807687125314e+03
2.426682336081250469e+03
3.992288816066147774e+02
3.657112494640004570e+03
1.876858717930902685e+03
1.815794729498615652e+03
2.153394346173815393e+03
8.702037726162345734e+02
9.311263737515754428e+02
1.820224330296434800e+03
2.834747652824938200e+02
8.700300020875887412e+02
3.465390527256036421e+03
6.784918198031160728e+02
1.056872715905909899e+03
5.327738926947246227e+02
3.404672708266811696e+03
2.835687806523775180e+03
9.421263897012221378e+02
2.686114284592147214e+02
2.417784252075118275e+03
2.227582731216331013e+03
1.232622857151473227e+03
8.995470643581361401e+02
1.600483741144500982e+03
1.600627079197831563e+03
8.773433730370676130e+03
1.060308468663705753e+03
5.592612005686325574e+03
1.541892713440799753e+03
2.299278365963161377e+03
5.413067594012542941e+03
7.377690665147817526e+03
1.100867267095112993e+03
1.117912439396120135e+03
2.472480897909258147e+03
6.349286514590470460e+02
5.063565588014288892e+02
2.737188516952628106e+03
1.115379928826272817e+03
3.988625095103560398e+03
5.770434313293602600e+02
2.863137231353711741e+03
5.021179933874896960e+03
9.309833613047471772e+02
4.692308910256579111e+03
3.642033297886070159e+03
2.722467704534785298e+03
1.132669660779868082e+03
2.561828230664009425e+03
2.006443915377513349e+03
3.047162473783840596e+03
3.323639396545054751e+03
4.741821117431227322e+03
2.537676024695946921e+02
6.571220621211594334e+03
2.787290283657241162e+03
3.925535367918058455e+03
3.657679467659538659e+03
2.034821078869141502e+03
4.082225121292962285e+03
3.293224188447590222e+03
3.402246730439596831e+03
3.046368185898119918e+03
2.490692124697955933e+03
1.891633108730731919e+03
1.996531249824073484e+03
2.639875024018060230e+03
6.813818206424923574e+02
2.388720783993199802e+03
1.483083506747667116e+03
2.832023381251279375e+02
4.714865072395507013e+03
6.236478471594479061e+02
1.030437114550539491e+03
4.894550814537121255e+02
5.777746094498363618e+02
8.260911569226757365e+02
4.782228080271176623e+03
1.001860363071126471e+03
3.555787941276619677e+03
1.950137574272517668e+03
2.458145482165604790e+03
3.623715229943614304e+03
1.043871731588765215e+03
5.816025865621777484e+03
5.793437946453624363e+02
4.823827216159127602e+03
4.945237649714854342e+03
3.131076216453184884e+02
1.470224780920249259e+03
2.010347203541624594e+03
4.597245223522838842e+02
2.900249658900789200e+03
1.361918023918810377e+03
1.511885113175092783e+03
2.724608862342447537e+03
7.186846530257536870e+03
1.047893455468885804e+04
2.256999125840262877e+03
6.574079629976560682e+03
6.206417386522356310e+02
2.541117741638980192e+02
4.603068175927796801e+03
1.465992079611266945e+03
2.210972634773945174e+03
2.324984301094820694e+03
3.238348311245221339e+03
4.438252734355288339e+03
9.700295728846226666e+02
2.693859945510643570e+02
8.257204693029445934e+02
3.704691990262050695e+03
9.298980624613980126e+02
1.162747851003075311e+03
1.995807903043594933e+03
5.619013402066850176e+03
9.688162461261981662e+02
2.092751757112976918e+02
1.160170916011873487e+03
2.464668716114434119e+03
3.305731460214237813e+03
2.328000573711628022e+03
2.580222718239468122e+03
2.299994998706229580e+03
1.598136857757187272e+03
3.407136351431558978e+03
4.387663691945620485e+03
4.777081099084759330e+02
1.336666651572105366e+03
7.499399264239153808e+02
6.918567344515108744e+02
2.680625120217759445e+02
2.688125620677064944e+02
1.440205508832379564e+03
3.882165766685645281e+02
2.255161151406153749e+03
4.393866619298313708e+03
9.340832962433394641e+03
3.430867343102096356e+02
2.550349054935843924e+03
4.959817991271276696e+03
2.608161704548059788e+03
5.508037173568637627e+03
2.007523957733987345e+03
3.864943840167360918e+02
8.102318666305121724e+02
1.035826847449376510e+04
4.916659891609142505e+03
4.303893783662689998e+02
1.484800784818709872e+03
2.068195321035977486e+03
6.548351665026562841e+03
3.437281912281599944e+03
4.385981775300284426e+03
2.994853032304927751e+02
3.432032529285390865e+03
4.086125515828250627e+03
7.785486151678975375e+02
1.740169703589575420e+03
2.674554086494272838e+02
2.687775070294562170e+02
4.443756641558393312e+03
5.060993338434614088e+03
2.675502961547273912e+02
4.299379898427916942e+02
8.768687146207732440e+03
2.297910944925356034e+03
1.807050762445472571e+02
1.944613869965867536e+02
2.680902755947791434e+02
5.076946556055121619e+03
2.983687561107882971e+02
4.484857737103061481e+03
1.798881030614691099e+02
3.655554576503949647e+03
3.112513735682288143e+02
3.814327242661325727e+03
1.361891049159786689e+03
4.098600545492816309e+03
2.688665240894928843e+02
2.986577345763090307e+03
2.769901952714976687e+03
4.602279085831303746e+03
1.014666959555338053e+03
2.390290551440460604e+03
5.043488919143615931e+03
4.042224456586629003e+03
2.975421364298787921e+03
9.570593244682074783e+02
1.452899170922826897e+03
6.200416453621706751e+03
3.105668521127589656e+02
2.757239980672762158e+03
3.407427702791916886e+02
2.556631770453623631e+03
1.949061624768777165e+03
4.450674285667007553e+02
9.608725776565415799e+02
1.713826257472547923e+03
5.180975909605948573e+02
1.909138756282366330e+03
5.340645887229322852e+02
3.584494316736786914e+03
3.426217900215822851e+02
1.676484696576532087e+03
1.924436349536478474e+03
2.843726372352090038e+03
4.710800361452460493e+03
1.654712562943927423e+03
1.467995037414732224e+03
2.084305372193181483e+03
2.388330015585668662e+03
3.175822193613877516e+03
9.195369092061393701e+01
1.365984946099561057e+03
2.294247030782639740e+03
2.618954684038795676e+03
3.074219533511687587e+03
2.981482792250004650e+02
1.873848044542260823e+03
2.038332085425182640e+03
2.270883323038439812e+03
5.840736887582808777e+03
9.260394989652655795e+02
2.238992062894943047e+03
8.094871552456633026e+02
3.730227309798177430e+03
3.030244536642258026e+03
1.087461428761097295e+03
1.645859153396350621e+03
1.996876744189668443e+03
4.056297722681133564e+03
9.013793124116587023e+02
8.993255441858442509e+02
1.586884466271065321e+03
7.249091887075112481e+02
1.307852370714324479e+03
5.097400191319815349e+03
1.103281642597936525e+03
1.641053666975333272e+03
4.610010822653072751e+02
4.136303784906848705e+03
4.899980027555934612e+03
4.297362279168544319e+02
7.531416617757439553e+02
3.176820788186395930e+03
2.418302827251923645e+03
2.913167787130953457e+03
1.834871428503813831e+03
2.692809354905260193e+02
2.979573358090397051e+02
8.178896414148463919e+03
1.716378204601144034e+03
9.285867213849888913e+02
4.072956956987496142e+03
9.284556092598876376e+02
2.392486448971606933e+03
5.525052481171464933e+03
1.000887448115357756e+03
3.993127215798763700e+03
8.769442610252721352e+03
2.607915748577107479e+03
5.143630468826304423e+03
1.116523573095258598e+03
2.794871625887539267e+03
8.446910509034814822e+02
4.435409870154711825e+03
8.699445405623754368e+02
4.721121973835439007e+02
1.397643785535812867e+03
7.677559595145602316e+02
2.377706997571906868e+03
1.442746159201431055e+03
1.716866317015074401e+03
5.937753993887499746e+03
1.867097122070555770e+03
6.048379898433610833e+03
2.628793920055461058e+03
1.029780322582944791e+03
4.832659793476841514e+03
3.278479045322484126e+03
2.345851903642464094e+03
2.931510117871898274e+03
4.390775184096074554e+03
6.579352200597993033e+03
4.909239456314006020e+03
1.096004929327667924e+04
4.776195161909799026e+03
1.820848813615352810e+03
2.857882151690052069e+03
2.011702942682137746e+03
2.957167673573114371e+03
2.807453167687535824e+03
3.954931809665396486e+03
2.277014307441648270e+03
2.099608167527374007e+03
2.362431227725734061e+03
2.692535388265985716e+02
1.060730834434559029e+03
6.575090010726150467e+03
7.718321513316433084e+03
4.125536415363332708e+03
1.315389626259824763e+04
1.061994142317513933e+03
6.586882133004515708e+03
1.952548020277634805e+03
2.636663909951502319e+03
2.828555048626602002e+03
1.790457604326680894e+03
4.991059940846482277e+03
8.781338647862066864e+03
4.496319506349339463e+03
3.152688124147533927e+03
4.389477871672099354e+03
4.549530368320904017e+03
6.600125262918838416e+03
7.769649380477215345e+03
4.534976390482440365e+03
3.188057280465500298e+03
2.917665612121631511e+03
2.104058740613724581e+02
4.237470646005448543e+03
9.435799512317781819e+02
1.733327176926275342e+03
6.586414852165783486e+03
5.894731992222409644e+03
4.613114934022986745e+03
5.046159394128207168e+03
8.577251096189683039e+02
6.588978373107102925e+03
3.522862580398810223e+03
3.904332057907664421e+03
5.447515242795954691e+03
3.280475048413890818e+03
6.586333983090135007e+03
8.779637790461219993e+03
4.498321816388444859e+03
4.720332338312833599e+03
4.746166519297727291e+02
6.588249620218080054e+03
8.776172067851859538e+03
4.046387680203277341e+03
4.633991394450106782e+03
5.037727070239674276e+02
7.108230326000008290e+02
3.372545140738895952e+03
2.345256097713050167e+03
2.521462194658440126e+02
1.002161908862440896e+03
5.981598983659125224e+03
8.775040086807652187e+03
4.264456513079855540e+03
3.277834285729216845e+03
1.730803133540756789e+03
4.546218097609247707e+03
1.950839170383994770e+03
5.441594697184399365e+02
9.964668615151722406e+03
3.256291673262245240e+03
3.822779274374085162e+03
3.628887318240712375e+03
7.785681615597249220e+03
5.067832777379604522e+03
5.181766340205839469e+02
5.049389359957165766e+02
6.031677153689901388e+03
4.292894861150598445e+02
5.155122986882490295e+03
3.257819104906794564e+03
2.510235692462276347e+03
4.900842649117220390e+03
3.969283621785702508e+03
4.761877472709070389e+03
3.940222522320472763e+03
2.595482478810108660e+03
5.054112808881823184e+03
2.570313244803764974e+03
5.258986361986321754e+03
8.716875509055183784e+02
6.582406560081551106e+03
3.999483865265820555e+02
8.293035596221352534e+02
2.769679595781160515e+03
3.429424367575582551e+02
6.577554139626433425e+03
2.051986476660762492e+03
7.871295489574850762e+03
5.259410250479627393e+03
8.855994806082551349e+02
1.542214658251844185e+03
3.441774319087364802e+03
4.015621922022884519e+03
5.154086331822994907e+03
2.328579686179929013e+03
1.704322549045310552e+03
8.771709160767642970e+03
4.531968936626388313e+03
9.153955041811474302e+02
1.145646426240286246e+03
2.605587483689895180e+03
3.604764141344060135e+03
8.003694239590824509e+03
1.316976867906250482e+04
3.265258010801464479e+03
2.834489504398423492e+02
6.186440529442999832e+03
2.665316670805162630e+03
1.316218156236446521e+04
9.142358527385721345e+02
6.578834939246985414e+03
6.191450040865017399e+03
1.087547897853462564e+04
3.378398909303560686e+03
7.819066684612016616e+02
6.196707170532074997e+03
7.718803214203392145e+02
3.710562915653973505e+03
2.746859298385359580e+03
1.031618637240655289e+03
1.555310116092968883e+03
4.973389016803436789e+03
6.308512783905513970e+03
7.108818127010899843e+02
3.858788098820715277e+03
6.015084231774012551e+03
3.186579493031563288e+03
2.372361938192973867e+03
2.927181324670178128e+03
3.288666605464410395e+02
1.468705442352753835e+03
8.063655692592195010e+03
2.519230519616379752e+03
2.655329944358557441e+03
9.125251658840478513e+02
3.543406201047141622e+03
2.082701678262220867e+03
6.293553495968036259e+03
3.105604944112660633e+03
1.073012540916605303e+03
3.582568221749063014e+03
1.651604379276294594e+02
2.299577032212281665e+03
7.375232590700621586e+03
1.251543112681976027e+03
6.101800132720392867e+03
2.158986215067064677e+03
3.411154832528168299e+02
3.119232238765581769e+03
2.588936740749078581e+03
1.658068261636267835e+03
2.036343705168353836e+03
7.940793361765542613e+03
3.116811085306043196e+02
4.380960781164403670e+03
1.611082027089229996e+03
4.166954134670356780e+02
4.392239417767534178e+03
5.232312477109959218e+03
1.045503131959857228e+03
6.582852248292518198e+03
8.774137493380887463e+03
1.096382136341482874e+04
4.541314315567480662e+03
1.817252231862443523e+03
2.741313609492754495e+03
3.685134638356675168e+03
4.302759158004358142e+03
9.423410940748342910e+03
9.003456760868773472e+02
2.656121507115281474e+03
6.528453338324259676e+03
5.470390422396689019e+02
2.983608937695205441e+02
4.387352979251605575e+03
6.578350109984395203e+03
3.336587702230536706e+03
7.948037597626678689e+03
4.982082364873658662e+03
1.028123317155687801e+03
4.861145649584835155e+03
3.316027886434434095e+03
2.390139999778349704e+02
5.182254996338007913e+03
1.161848520005889441e+03
6.214713858358380776e+02
3.557927352038397203e+03
1.095984915750060100e+04
4.736391744034704971e+03
4.386328048051451333e+03
4.818185252567694079e+03
2.094375630062574771e+02
2.318337002942204890e+03
9.097117260427870860e+03
3.581304328840021299e+03
6.581633238737204920e+03
3.770691079977460049e+03
7.705179305275521074e+03
3.146392811071504639e+03
1.735143482915191271e+03
2.639312561849365011e+03
1.997388837353631970e+03
7.741038142953821080e+03
6.229859789549321931e+02
1.759354368942658084e+03
2.595843371009937073e+03
6.389252370968427385e+03
4.390020071979969543e+03
7.343705491434269788e+03
3.485945564060548804e+03
5.982223319692660880e+03
6.424317256713121424e+03
4.424053991031286387e+03
1.350560505926951009e+02
2.606177833178198398e+03
3.808056937420984013e+03
6.102155258319362474e+03
2.270088968825168195e+03
5.151832298131344942e+03
5.742293678210415919e+02
4.703204899105433469e+03
8.771764551384178048e+03
1.095947887088832795e+04
3.046147274259935330e+03
1.205597522625706404e+02
6.580558067419706276e+03
6.265094555832873084e+03
3.736022724800326159e+03
4.465555249508228371e+03
1.720163603234122320e+03
4.735223126892848086e+03
8.774182638854766992e+03
4.331437097938921397e+03
5.197041335089505083e+03
2.473837605174405326e+03
2.667943724155187738e+03
3.269859427331206916e+03
1.095740663878857595e+04
2.694778438455045944e+02
2.475197865692995492e+03
2.575351573836288935e+03
3.208033648510910552e+03
7.893029487009371223e+03
5.127124447240542395e+03
1.761112480447407506e+03
4.018602005405472255e+02
2.396516051415637776e+02
3.924288555137245567e+03
4.908117513269518895e+03
4.379811308551336879e+03
5.811885627128235683e+03
8.776764984227851528e+03
2.248829017454784491e+02
2.837207970339798067e+02
2.419107779127702088e+03
2.621067338905815632e+03
8.784465639324329459e+03
1.096183645005155813e+04
1.315322499320723000e+04
1.015080802825471324e+03
6.584515043172436890e+03
6.150117414595644732e+03
7.936143249922362884e+03
5.365643161806771786e+03
9.893223496531841192e+02
3.849744438177715438e+03
3.523397500541635509e+03
7.619757559393799966e+03
4.862915179681912377e+03
1.116291451768942807e+03
4.890499677915908251e+03
2.676275980526224316e+02
1.095745138893428521e+04
4.857950543866358203e+03
1.873412386419067161e+03
6.583345349450587491e+03
6.352578486744519068e+03
4.058507221628192383e+03
4.973789010749375848e+03
1.647428924810096532e+03
4.467454496117399685e+03
3.415004159513439845e+03
4.753236273262619989e+02
4.931983691014188480e+03
3.238378726224705588e+03
6.582746801619250618e+03
3.266518330314067498e+03
1.096638738676302091e+04
4.864224966921301530e+03
1.818659293683249189e+03
2.651862523283100927e+03
8.783618037531721711e+03
4.231838141764739703e+03
4.658423137991950171e+03
2.686712978680494075e+02
6.583609494243070003e+03
1.646645794931034743e+02
1.096861024550992261e+04
2.692395591834468860e+02
4.389553531055936219e+03
1.468030648165697585e+03
2.363684004396377247e+02
4.251822981217080269e+03
4.720345820262660709e+03
3.424323152103322627e+02
1.732424874562727382e+03
6.505500034109350054e+03
4.615491461335082931e+03
4.487317470498652256e+03
3.219272195338717211e+03
4.801368043211224176e+03
3.490136442533894751e+03
4.205268191547664173e+03
4.776275015380083460e+03
2.562259451405505843e+03
2.829966140966091189e+03
3.275469793900912464e+03
3.813149738905249251e+03
6.954083683906458191e+02
2.653166524650501287e+03
6.586147029258662769e+03
6.213007169557995439e+03
4.221448286742146593e+03
4.887856634937412309e+03
1.771708512858665244e+03
2.673086397216702153e+03
8.782150799208802709e+03
1.097684411075876415e+04
5.069237754871109246e+03
4.392786763108505511e+03
6.583868921025546115e+03
1.928006408908569256e+03
8.168497123251609082e+03
5.162117375646144865e+03
4.395871713323812401e+03
6.594038030418088056e+03
6.374501003607885650e+03
4.557571412455573409e+03
1.316260569298041992e+04
4.392002595119532998e+03
6.584726513494052597e+03
6.283947143314138884e+03
4.277365685479890089e+03
2.915462042166916035e+03
4.389959881201925782e+03
6.583512086352438018e+03
8.778991081126147037e+03
4.475845637176147648e+03
1.315692677846078732e+04
3.340780968849593592e+03
6.590239794853498097e+03
3.461066184319401145e+03
1.096455586487800610e+04
2.972496254996251082e+03
2.686810283764933160e+02
6.591358020142894020e+03
8.779562658259874297e+03
1.096559199750751395e+04
2.717898098913841750e+03
3.423116650441075308e+03
3.282547478113296506e+02
6.581320716226297918e+03
4.031244534283366193e+03
9.165480838817604308e+03
4.389998536475781293e+03
2.387408904463066506e+02
7.712530682057063132e+03
4.276154406205388113e+03
5.047466292224090466e+03
4.388516644301130327e+03
6.584692519211920626e+03
3.465257421770734254e+03
2.552258240153615588e+03
5.326762577199300722e+03
4.383526073036633534e+03
6.581435071720835367e+03
3.517998492679533683e+03
1.096991075187841670e+04
5.383731494200005727e+03
1.810618942027072933e+02
2.566137782370583864e+03
8.772098361364434822e+03
1.097188480883182820e+04
2.959999300262689303e+03
9.714199121670827708e+02
6.588235840531082431e+03
8.771146083332871058e+03
2.276845266651217116e+03
4.969741583113343950e+03
9.320032667423454313e+02
6.576982843158695687e+03
3.701627890247899359e+03
9.702701382828161513e+03
2.703173837333383744e+03
4.382756520319195261e+03
1.687859989867234617e+03
3.520310792594094892e+03
4.043651162375652348e+03
4.947573369162352719e+03
9.468192109414131892e+02
6.582701255210855379e+03
2.315287486989977879e+03
2.801082626512451498e+03
3.222621799153351276e+03
1.703175414247714571e+03
6.045910249763373031e+03
3.327045097759546934e+03
1.095603473447466058e+04
2.855734894354413427e+03
4.386387179506319626e+03
4.986546626287954496e+03
3.482852503033546782e+03
4.114017423565094759e+03
2.753676045083950157e+03
1.062508356393232589e+03
6.576076277670696072e+03
3.631963234754414316e+03
4.291487372479733494e+03
5.150575809363527696e+03
3.065190821666335069e+03
6.581349621245887647e+03
8.769423980959385517e+03
4.362952657468824327e+03
4.759823842678324581e+03
3.256409988758085547e+03
2.511997193146607970e+03
6.117453365535723606e+03
1.095498602787535856e+04
9.003655481404152852e+02
4.385018484713892576e+03
4.415760514478998630e+03
2.988189826752611225e+03
8.014360129403031351e+03
1.315375456914766073e+04
3.167087251598195053e+03
2.508179610991498066e+03
6.187930017567037794e+03
2.252336609442484132e+02
8.588479468633594252e+02
1.764472008332764517e+03
1.502731798972225079e+03
8.769792537412185993e+03
4.291451546602279450e+03
