8.860445022583007812e-02
1.674320697784423828e-01
2.429170608520507812e-01
3.092215061187744141e-01
3.943638801574707031e-01
4.832653999328613281e-01
5.538444519042968750e-01
9.524004459381103516e-01
1.365603923797607422e+00
1.810496091842651367e+00
2.184579849243164062e+00
2.688811302185058594e+00
3.034695148468017578e+00
3.476502656936645508e+00
3.949635982513427734e+00
4.422903537750244141e+00
4.837601661682128906e+00
5.248339653015136719e+00
5.657127141952514648e+00
6.159883975982666016e+00
6.506299972534179688e+00
6.946698188781738281e+00
7.359805583953857422e+00
7.981659173965454102e+00
8.324536085128784180e+00
8.698421955108642578e+00
9.134169816970825195e+00
9.570775032043457031e+00
9.913857221603393555e+00
1.028242397308349609e+01
1.068212866783142090e+01
1.105110287666320801e+01
1.154438781738281250e+01
1.197163724899291992e+01
1.233282351493835449e+01
1.276026153564453125e+01
1.319317007064819336e+01
1.359453582763671875e+01
1.393047022819519043e+01
1.429680800437927246e+01
1.460577011108398438e+01
1.491864633560180664e+01
1.522818922996520996e+01
1.556848025321960449e+01
1.590319252014160156e+01
1.627567863464355469e+01
1.660927224159240723e+01
1.697637295722961426e+01
1.732125997543334961e+01
1.769212555885314941e+01
1.811671066284179688e+01
1.867448425292968750e+01
1.922644042968750000e+01
1.962360477447509766e+01
2.003149652481079102e+01
2.040320515632629395e+01
2.083384585380554199e+01
2.123509573936462402e+01
2.185615587234497070e+01
2.244971680641174316e+01
2.290500092506408691e+01
2.336166477203369141e+01
2.373743438720703125e+01
2.417290949821472168e+01
2.473696398735046387e+01
2.517092776298522949e+01
2.554839849472045898e+01
2.611713266372680664e+01
2.665824604034423828e+01
2.731513500213623047e+01
2.800069928169250488e+01
2.872151637077331543e+01
2.922334861755371094e+01
2.985830354690551758e+01
3.048036074638366699e+01
3.107219743728637695e+01
3.180072593688964844e+01
3.249594688415527344e+01
3.322382211685180664e+01
3.389174151420593262e+01
3.424199032783508301e+01
3.494517445564270020e+01
3.565295839309692383e+01
3.613635301589965820e+01
3.683028531074523926e+01
3.718502950668334961e+01
3.783007836341857910e+01
3.881487894058227539e+01
3.981027460098266602e+01
4.071905899047851562e+01
4.163038635253906250e+01
4.230500364303588867e+01
4.325661635398864746e+01
4.420778512954711914e+01
4.482354116439819336e+01
4.557577991485595703e+01
4.665659904479980469e+01
4.738044166564941406e+01
4.808057475090026855e+01
4.883497095108032227e+01
4.959593701362609863e+01
5.008969998359680176e+01
5.082254433631896973e+01
5.155080318450927734e+01
5.253552222251892090e+01
5.344987487792968750e+01
5.417993474006652832e+01
5.467062139511108398e+01
5.540080928802490234e+01
5.583280396461486816e+01
5.629422450065612793e+01
5.681809377670288086e+01
5.742216396331787109e+01
5.810760998725891113e+01
5.883321118354797363e+01
5.936326837539672852e+01
5.979905533790588379e+01
6.022864460945129395e+01
6.071820545196533203e+01
6.144356536865234375e+01
6.197764205932617188e+01
6.267212224006652832e+01
6.349734377861022949e+01
6.411529374122619629e+01
6.502197933197021484e+01
6.551456236839294434e+01
6.624568915367126465e+01
6.740394139289855957e+01
6.814085459709167480e+01
6.880944180488586426e+01
6.969407248497009277e+01
7.043239450454711914e+01
7.130326938629150391e+01
7.230118083953857422e+01
7.297071075439453125e+01
7.369141221046447754e+01
7.405915641784667969e+01
7.495734405517578125e+01
7.605796432495117188e+01
7.669829654693603516e+01
7.740358757972717285e+01
7.830354714393615723e+01
7.914878892898559570e+01
7.987352013587951660e+01
8.043155050277709961e+01
8.121081781387329102e+01
8.194667911529541016e+01
8.287412667274475098e+01
8.383819460868835449e+01
8.455206084251403809e+01
8.542531514167785645e+01
8.616494131088256836e+01
8.693273615837097168e+01
8.733251047134399414e+01
8.813313460350036621e+01
8.889595317840576172e+01
8.969660997390747070e+01
9.047122311592102051e+01
9.143047094345092773e+01
9.173483705520629883e+01
9.257416105270385742e+01
9.290664601325988770e+01
9.327468085289001465e+01
9.357845783233642578e+01
9.444544172286987305e+01
9.525192642211914062e+01
9.559187054634094238e+01
9.589280223846435547e+01
9.677143573760986328e+01
9.707418990135192871e+01
9.781974554061889648e+01
9.842871069908142090e+01
9.930535888671875000e+01
9.960803461074829102e+01
1.003152432441711426e+02
1.010560336112976074e+02
1.015988249778747559e+02
1.021452567577362061e+02
1.029132311344146729e+02
1.033903262615203857e+02
1.044794166088104248e+02
1.050148241519927979e+02
1.057903599739074707e+02
1.067968726158142090e+02
1.076782364845275879e+02
1.086591572761535645e+02
1.094742743968963623e+02
1.107452223300933838e+02
1.117681407928466797e+02
1.123819515705108643e+02
1.132628378868103027e+02
1.140096094608306885e+02
1.148856666088104248e+02
1.157019796371459961e+02
1.164498529434204102e+02
1.173072834014892578e+02
1.180514028072357178e+02
1.191399018764495850e+02
1.199509124755859375e+02
1.211380171775817871e+02
1.218883447647094727e+02
1.224630546569824219e+02
1.230763404369354248e+02
1.241956071853637695e+02
1.249453880786895752e+02
1.256305863857269287e+02
1.264793760776519775e+02
1.273231236934661865e+02
1.282746195793151855e+02
1.287862477302551270e+02
1.293602049350738525e+02
1.298990170955657959e+02
1.306480588912963867e+02
1.314982218742370605e+02
1.321003396511077881e+02
1.329890906810760498e+02
1.337042701244354248e+02
1.348173060417175293e+02
1.354995217323303223e+02
1.362479362487792969e+02
1.369159266948699951e+02
1.376307113170623779e+02
1.383802659511566162e+02
1.394400925636291504e+02
1.400552256107330322e+02
1.407336704730987549e+02
1.419288518428802490e+02
1.429828469753265381e+02
1.436616597175598145e+02
1.444149007797241211e+02
1.453011581897735596e+02
1.463127677440643311e+02
1.471927795410156250e+02
1.482546570301055908e+02
1.492075355052947998e+02
1.502922165393829346e+02
1.514563245773315430e+02
1.523038291931152344e+02
1.530559382438659668e+02
1.538460788726806641e+02
1.546132347583770752e+02
1.553704729080200195e+02
1.569725511074066162e+02
1.580001089572906494e+02
1.589328258037567139e+02
1.597154469490051270e+02
1.607214679718017578e+02
1.613223752975463867e+02
1.623051776885986328e+02
1.630533664226531982e+02
1.639844756126403809e+02
1.651189608573913574e+02
1.656478888988494873e+02
1.666839914321899414e+02
1.675707869529724121e+02
1.686461958885192871e+02
1.696750240325927734e+02
1.704490025043487549e+02
1.713003551959991455e+02
1.720512292385101318e+02
1.731920344829559326e+02
1.742950401306152344e+02
1.753675861358642578e+02
1.764513101577758789e+02
1.777638175487518311e+02
1.789424552917480469e+02
1.797068309783935547e+02
1.807588870525360107e+02
1.817337369918823242e+02
1.841457450389862061e+02
1.847197530269622803e+02
1.860728752613067627e+02
1.875495467185974121e+02
1.894545338153839111e+02
1.917023415565490723e+02
1.949856221675872803e+02
1.964459607601165771e+02
1.978192076683044434e+02
1.992802610397338867e+02
1.998414134979248047e+02
2.030776050090789795e+02
2.043526780605316162e+02
2.059420547485351562e+02
2.073308491706848145e+02
2.097863316535949707e+02
2.110652322769165039e+02
2.124306125640869141e+02
2.148453230857849121e+02
2.158244171142578125e+02
2.167324004173278809e+02
2.173191113471984863e+02
2.191542716026306152e+02
2.206783676147460938e+02
2.222445664405822754e+02
2.229876010417938232e+02
2.241879780292510986e+02
2.293849754333496094e+02
2.304539432525634766e+02
2.318628458976745605e+02
2.326724612712860107e+02
2.344266607761383057e+02
2.355203485488891602e+02
2.382399456501007080e+02
2.400451118946075439e+02
2.410892200469970703e+02
2.443777420520782471e+02
2.454691569805145264e+02
2.463076257705688477e+02
2.473036582469940186e+02
2.481709215641021729e+02
2.487658298015594482e+02
2.519294683933258057e+02
2.535508348941802979e+02
2.544567387104034424e+02
2.560097100734710693e+02
2.576756510734558105e+02
2.603829636573791504e+02
2.612636964321136475e+02
2.627073941230773926e+02
2.636987822055816650e+02
2.652315537929534912e+02
2.667024726867675781e+02
2.687250103950500488e+02
2.697774271965026855e+02
2.718787758350372314e+02
2.734173476696014404e+02
2.742507662773132324e+02
2.756890676021575928e+02
2.771884977817535400e+02
2.796078574657440186e+02
2.808743231296539307e+02
2.824535219669342041e+02
2.842276322841644287e+02
2.850850121974945068e+02
2.866743605136871338e+02
2.879567732810974121e+02
2.902606132030487061e+02
2.914136803150177002e+02
2.951354162693023682e+02
3.002441554069519043e+02
3.010460097789764404e+02
3.017282240390777588e+02
3.068114767074584961e+02
3.078677492141723633e+02
3.089580495357513428e+02
3.098222186565399170e+02
3.118008940219879150e+02
3.134813678264617920e+02
3.154105443954467773e+02
3.177368319034576416e+02
3.201641709804534912e+02
3.217058706283569336e+02
3.225376350879669189e+02
3.234509670734405518e+02
3.282732465267181396e+02
3.296646649837493896e+02
3.303873851299285889e+02
3.335237252712249756e+02
3.355550801753997803e+02
3.385157821178436279e+02
3.394057123661041260e+02
3.402936282157897949e+02
3.411613414287567139e+02
3.419631986618041992e+02
3.427650179862976074e+02
3.472420346736907959e+02
3.496609902381896973e+02
3.507877345085144043e+02
3.512224197387695312e+02
3.537340614795684814e+02
3.563854308128356934e+02
3.572547674179077148e+02
3.602095818519592285e+02
3.629148681163787842e+02
3.658435683250427246e+02
3.669976434707641602e+02
3.692685399055480957e+02
3.701175971031188965e+02
3.709863989353179932e+02
3.721785390377044678e+02
3.738453266620635986e+02
3.755663588047027588e+02
3.779284796714782715e+02
3.786498544216156006e+02
3.799785864353179932e+02
3.817836127281188965e+02
3.829668133258819580e+02
3.842217953205108643e+02
3.858527090549468994e+02
3.877535400390625000e+02
3.884597918987274170e+02
3.904253611564636230e+02
3.923529622554779053e+02
3.934168107509613037e+02
3.943833973407745361e+02
3.960462820529937744e+02
3.978024079799652100e+02
3.991424291133880615e+02
4.001094074249267578e+02
4.024532318115234375e+02
4.057951447963714600e+02
4.074840092658996582e+02
4.117774329185485840e+02
4.122306957244873047e+02
4.134775977134704590e+02
4.177698116302490234e+02
4.236136233806610107e+02
4.252155048847198486e+02
4.273661034107208252e+02
4.283326036930084229e+02
4.297237584590911865e+02
4.311180553436279297e+02
4.327628030776977539e+02
4.349635512828826904e+02
4.355514492988586426e+02
4.364845926761627197e+02
4.378790807723999023e+02
4.394072079658508301e+02
4.404892764091491699e+02
4.426261334419250488e+02
4.435002884864807129e+02
4.441761384010314941e+02
4.460529983043670654e+02
4.473882553577423096e+02
4.480141782760620117e+02
4.488118085861206055e+02
4.497208092212677002e+02
4.505049345493316650e+02
4.518613467216491699e+02
4.543595950603485107e+02
4.556256120204925537e+02
4.578876478672027588e+02
4.596340506076812744e+02
4.622837700843811035e+02
4.632544419765472412e+02
4.641484129428863525e+02
4.653292000293731689e+02
4.686814360618591309e+02
4.701289398670196533e+02
4.725589885711669922e+02
4.741963312625885010e+02
4.802812016010284424e+02
4.844011936187744141e+02
4.858933029174804688e+02
4.888974213600158691e+02
4.906015675067901611e+02
4.929456045627593994e+02
4.944947822093963623e+02
4.963442037105560303e+02
4.994785671234130859e+02
5.006540865898132324e+02
5.017637889385223389e+02
5.053608069419860840e+02
5.070694119930267334e+02
5.078123488426208496e+02
5.088341567516326904e+02
5.097535409927368164e+02
5.110547301769256592e+02
5.131269552707672119e+02
5.144047136306762695e+02
5.159984250068664551e+02
5.172121019363403320e+02
5.188380715847015381e+02
5.210429854393005371e+02
5.222944233417510986e+02
5.235533032417297363e+02
5.248909609317779541e+02
5.273711986541748047e+02
5.289282460212707520e+02
5.318134331703186035e+02
5.326744849681854248e+02
5.337609362602233887e+02
5.349089686870574951e+02
5.360652925968170166e+02
5.370079665184020996e+02
5.379670176506042480e+02
5.387249729633331299e+02
5.401762192249298096e+02
5.425893383026123047e+02
5.439636957645416260e+02
5.451051898002624512e+02
5.477274298667907715e+02
5.496979970932006836e+02
5.510957934856414795e+02
5.538735632896423340e+02
5.565473456382751465e+02
5.582190771102905273e+02
5.601144869327545166e+02
5.640668756961822510e+02
5.664985380172729492e+02
5.679340412616729736e+02
5.696672768592834473e+02
5.705903580188751221e+02
5.740035789012908936e+02
5.751423487663269043e+02
5.785840935707092285e+02
5.800161755084991455e+02
5.817793190479278564e+02
5.842335357666015625e+02
5.851931097507476807e+02
5.871637337207794189e+02
5.892167499065399170e+02
5.927214229106903076e+02
5.973879320621490479e+02
6.006003365516662598e+02
6.019440817832946777e+02
6.043314759731292725e+02
6.067290177345275879e+02
6.107739062309265137e+02
6.121067774295806885e+02
6.138742649555206299e+02
6.156035075187683105e+02
6.177804136276245117e+02
6.213913035392761230e+02
6.244180049896240234e+02
6.261493611335754395e+02
6.287357780933380127e+02
6.322543008327484131e+02
6.338082687854766846e+02
6.364930522441864014e+02
6.379767091274261475e+02
6.399227397441864014e+02
6.413503828048706055e+02
6.488827261924743652e+02
6.518052446842193604e+02
6.534681386947631836e+02
6.548487801551818848e+02
6.578286466598510742e+02
6.611811318397521973e+02
6.634466781616210938e+02
6.650332679748535156e+02
6.660345363616943359e+02
6.689970088005065918e+02
6.776367816925048828e+02
6.813622817993164062e+02
6.859508461952209473e+02
6.880812096595764160e+02
6.898789355754852295e+02
6.911449327468872070e+02
6.926856439113616943e+02
6.955310411453247070e+02
6.976369216442108154e+02
7.012238416671752930e+02
7.037402408123016357e+02
7.054038460254669189e+02
7.068223655223846436e+02
7.087643768787384033e+02
7.115253376960754395e+02
7.149799323081970215e+02
7.160068891048431396e+02
7.206377213001251221e+02
7.216495950222015381e+02
7.239314608573913574e+02
7.272571880817413330e+02
7.286014819145202637e+02
7.295260961055755615e+02
7.314344041347503662e+02
7.338074636459350586e+02
7.348513436317443848e+02
7.371230702400207520e+02
7.386597955226898193e+02
7.399391655921936035e+02
7.409170179367065430e+02
7.418464398384094238e+02
7.426406509876251221e+02
7.437668337821960449e+02
7.451036958694458008e+02
7.464106206893920898e+02
7.494782855510711670e+02
7.501541662216186523e+02
7.511406707763671875e+02
7.533213195800781250e+02
7.558599574565887451e+02
7.583430268764495850e+02
7.595590527057647705e+02
7.609868931770324707e+02
7.620861017704010010e+02
7.638233568668365479e+02
7.667462971210479736e+02
7.677930750846862793e+02
7.687979202270507812e+02
7.697653834819793701e+02
7.712674920558929443e+02
7.726816875934600830e+02
7.733786232471466064e+02
7.743622312545776367e+02
7.759590821266174316e+02
7.781822192668914795e+02
7.792167139053344727e+02
7.808255481719970703e+02
7.862026853561401367e+02
7.911111404895782471e+02
7.933903734683990479e+02
7.960140981674194336e+02
7.969586355686187744e+02
8.014478373527526855e+02
8.037410528659820557e+02
8.063162114620208740e+02
8.087836635112762451e+02
8.126728007793426514e+02
8.146332714557647705e+02
8.170009815692901611e+02
8.180988800525665283e+02
8.190721216201782227e+02
8.202654156684875488e+02
8.254064626693725586e+02
8.271655147075653076e+02
8.308966479301452637e+02
8.328613054752349854e+02
8.338804500102996826e+02
8.353560600280761719e+02
8.367046151161193848e+02
8.380744504928588867e+02
8.397939865589141846e+02
8.436827728748321533e+02
8.446903645992279053e+02
8.453310694694519043e+02
8.471345956325531006e+02
8.503898465633392334e+02
8.535631344318389893e+02
8.546609349250793457e+02
8.556464595794677734e+02
8.583231301307678223e+02
8.610476279258728027e+02
8.621395006179809570e+02
8.633010559082031250e+02
8.656792821884155273e+02
8.688208737373352051e+02
8.738707082271575928e+02
8.764728114604949951e+02
8.774693233966827393e+02
8.793906915187835693e+02
8.818993833065032959e+02
8.863523266315460205e+02
8.893426282405853271e+02
8.929032227993011475e+02
8.970177757740020752e+02
8.994058279991149902e+02
9.026977717876434326e+02
9.053897919654846191e+02
9.072676253318786621e+02
9.090598318576812744e+02
9.111689059734344482e+02
9.149507939815521240e+02
9.175254683494567871e+02
9.201506791114807129e+02
9.217071189880371094e+02
9.234628591537475586e+02
9.273446955680847168e+02
9.306104331016540527e+02
9.322301445007324219e+02
9.347692816257476807e+02
9.381052052974700928e+02
9.394764945507049561e+02
9.430352363586425781e+02
9.443262000083923340e+02
9.467785048484802246e+02
9.494342718124389648e+02
9.527922415733337402e+02
9.561848981380462646e+02
9.571624729633331299e+02
9.588859722614288330e+02
9.656433899402618408e+02
9.677582776546478271e+02
9.688762431144714355e+02
9.731878027915954590e+02
9.754155762195587158e+02
9.828812079429626465e+02
9.865235388278961182e+02
9.902039616107940674e+02
9.951155591011047363e+02
9.968897538185119629e+02
1.005109380006790161e+03
1.008487619161605835e+03
1.011888497591018677e+03
1.017110756158828735e+03
1.019381320476531982e+03
1.027353183031082153e+03
1.028812386274337769e+03
1.031138927698135376e+03
1.032770558595657349e+03
1.034766369342803955e+03
1.036340651273727417e+03
1.037723386526107788e+03
1.041222185134887695e+03
1.045821199417114258e+03
1.052101252555847168e+03
1.055162449598312378e+03
1.058056627273559570e+03
1.060050217390060425e+03
1.065835630416870117e+03
1.069619745254516602e+03
1.073312059640884399e+03
1.075381524801254272e+03
1.079202877998352051e+03
1.083575729370117188e+03
1.085114531993865967e+03
1.091937092065811157e+03
1.094850284814834595e+03
1.097811004161834717e+03
1.100007591724395752e+03
1.101325984954833984e+03
1.104209002971649170e+03
1.115620825052261353e+03
1.119257049083709717e+03
1.120983962774276733e+03
1.128740380287170410e+03
1.131961246967315674e+03
1.135177686452865601e+03
1.136391342163085938e+03
1.137625594854354858e+03
1.140175464153289795e+03
1.143429211616516113e+03
1.145173501491546631e+03
1.146478533029556274e+03
1.150026136398315430e+03
1.155918721675872803e+03
1.157910637855529785e+03
1.159841386079788208e+03
1.160920098066329956e+03
1.164424415111541748e+03
1.166887616395950317e+03
1.169764351606369019e+03
1.170985632181167603e+03
1.174365435361862183e+03
1.179188203096389771e+03
1.179845566987991333e+03
1.182164532423019409e+03
1.185409425973892212e+03
1.188902146339416504e+03
1.189736446380615234e+03
1.192232522487640381e+03
1.194419218063354492e+03
1.195494667053222656e+03
1.196364896297454834e+03
1.202252554178237915e+03
1.204030324459075928e+03
1.207184494495391846e+03
1.210958210706710815e+03
1.212148869752883911e+03
1.215272789716720581e+03
1.217763348340988159e+03
1.221366851091384888e+03
1.223423916101455688e+03
1.224975436925888062e+03
1.225874892473220825e+03
1.233624666690826416e+03
1.236934380769729614e+03
1.239765018939971924e+03
1.240827454090118408e+03
1.243485490083694458e+03
1.244561367273330688e+03
1.245623084306716919e+03
1.247490696430206299e+03
1.251116652011871338e+03
1.252224717617034912e+03
1.255403469562530518e+03
1.261790171623229980e+03
1.263301156997680664e+03
1.268884059429168701e+03
1.269934197664260864e+03
1.271990594387054443e+03
1.274188056707382202e+03
1.283460582971572876e+03
1.286923824787139893e+03
1.291891498804092407e+03
1.292933402776718140e+03
1.301503066539764404e+03
1.305202883720397949e+03
1.306145147323608398e+03
1.307531388998031616e+03
1.308697868824005127e+03
1.312440691709518433e+03
1.315787127494812012e+03
1.319335969686508179e+03
1.323576182365417480e+03
1.331106670379638672e+03
1.334253819704055786e+03
1.346554248094558716e+03
1.350367198705673218e+03
1.355364559412002563e+03
1.357227692127227783e+03
1.361600424051284790e+03
1.364047410011291504e+03
1.367380727529525757e+03
1.372258685827255249e+03
1.376627850532531738e+03
1.384280919790267944e+03
1.393659567356109619e+03
1.397041515827178955e+03
1.400302605628967285e+03
1.403175449371337891e+03
1.410912164211273193e+03
1.411997828245162964e+03
1.415382180213928223e+03
1.420425947189331055e+03
1.426233164072036743e+03
1.427870794057846069e+03
1.432821248054504395e+03
1.436365439891815186e+03
1.438518205404281616e+03
1.439716464042663574e+03
1.441968134164810181e+03
1.444640716791152954e+03
1.448821712255477905e+03
1.454357417345046997e+03
1.457434824466705322e+03
1.459409718751907349e+03
1.462818918704986572e+03
1.466579111814498901e+03
1.467575298070907593e+03
1.473004850864410400e+03
1.476197576761245728e+03
1.479421278476715088e+03
1.483423558473587036e+03
1.485863783597946167e+03
1.488136387109756470e+03
1.489971215009689331e+03
1.493678887367248535e+03
1.494994120597839355e+03
1.498805930614471436e+03
1.505596916198730469e+03
1.506753980398178101e+03
1.509822780609130859e+03
1.513360180139541626e+03
1.517163579940795898e+03
1.519522498130798340e+03
1.526860153436660767e+03
1.529835986614227295e+03
1.534321174144744873e+03
1.538989452838897705e+03
1.542943523645401001e+03
1.544894439458847046e+03
1.548872900247573853e+03
1.551548622369766235e+03
1.554275490760803223e+03
1.558606212615966797e+03
1.564468408584594727e+03
1.574310777902603149e+03
1.577074325799942017e+03
1.578963251352310181e+03
1.581893357276916504e+03
1.590247193098068237e+03
1.594390659570693970e+03
1.597032220125198364e+03
1.601380472898483276e+03
1.604348227500915527e+03
1.610242808818817139e+03
1.613948244094848633e+03
1.617079170942306519e+03
1.619631901741027832e+03
1.628513759613037109e+03
1.637273578405380249e+03
1.638281180858612061e+03
1.642566975831985474e+03
1.647727545738220215e+03
1.654523708581924438e+03
1.655667639255523682e+03
1.660443701744079590e+03
1.664336004495620728e+03
1.667340239524841309e+03
1.668502854824066162e+03
1.680032901048660278e+03
1.683360183954238892e+03
1.684610392808914185e+03
1.685669245243072510e+03
1.687249414443969727e+03
1.691336672067642212e+03
1.693307656764984131e+03
1.694903344631195068e+03
1.697002581834793091e+03
1.699105245590209961e+03
1.700354365110397339e+03
1.704183797836303711e+03
1.710858100891113281e+03
1.711869756698608398e+03
1.715078064441680908e+03
1.717775164842605591e+03
1.719898694515228271e+03
1.723214752197265625e+03
1.725257825613021851e+03
1.727134491443634033e+03
1.729315825700759888e+03
1.732968694925308228e+03
1.734277895927429199e+03
1.736232362747192383e+03
1.744447462320327759e+03
1.746727949142456055e+03
1.749513863325119019e+03
1.755400018692016602e+03
1.759540869951248169e+03
1.762570348739624023e+03
1.766082857370376587e+03
1.770914759159088135e+03
1.774574335098266602e+03
1.775916379451751709e+03
1.778325570106506348e+03
1.782148779153823853e+03
1.786412246227264404e+03
1.787820336341857910e+03
1.790033273935317993e+03
1.793648162364959717e+03
1.797357371568679810e+03
1.800453104019165039e+03
1.804332485198974609e+03
1.810585181474685669e+03
1.812206229925155640e+03
1.813810060501098633e+03
1.815815137863159180e+03
1.819766777992248535e+03
1.824727363348007202e+03
1.826524991750717163e+03
1.836155403614044189e+03
1.838179858684539795e+03
1.839319666385650635e+03
1.844784299612045288e+03
1.850706433534622192e+03
1.853006821870803833e+03
1.854977839231491089e+03
1.859379406929016113e+03
1.864728912591934204e+03
1.872304864168167114e+03
1.876330588102340698e+03
1.880608540296554565e+03
1.881910947322845459e+03
1.887516821384429932e+03
1.889432952880859375e+03
1.897652994632720947e+03
1.900622866868972778e+03
1.902669433355331421e+03
1.908180553436279297e+03
1.911445278167724609e+03
1.919794593334197998e+03
1.923121312141418457e+03
1.926141259193420410e+03
1.927994531631469727e+03
1.933754238367080688e+03
1.935365141391754150e+03
1.941745846033096313e+03
1.944488535642623901e+03
1.949505911588668823e+03
1.951321010351181030e+03
1.960198318719863892e+03
1.962597744941711426e+03
1.966171236276626587e+03
1.970924394369125366e+03
1.977915522098541260e+03
1.982150686979293823e+03
1.985182514429092407e+03
1.986389718294143677e+03
1.991182825803756714e+03
1.998935700654983521e+03
2.001049491167068481e+03
2.003158821105957031e+03
2.004397652626037598e+03
2.005608317136764526e+03
2.008138963222503662e+03
2.011469951629638672e+03
2.015019454717636108e+03
2.021073541641235352e+03
2.023622834920883179e+03
2.031161047458648682e+03
2.032293135166168213e+03
2.042666479587554932e+03
2.046026565790176392e+03
2.047616416931152344e+03
2.049899469375610352e+03
2.053108600378036499e+03
2.056404396772384644e+03
2.057987734794616699e+03
2.059416686773300171e+03
2.063045612096786499e+03
2.074490291833877563e+03
2.077089123249053955e+03
2.080331187248229980e+03
2.081804696083068848e+03
2.089335751295089722e+03
2.093204090356826782e+03
2.095202444076538086e+03
2.099761400461196899e+03
2.105061397075653076e+03
2.107409865379333496e+03
2.109981434822082520e+03
2.121792514324188232e+03
2.127585430145263672e+03
2.136776755571365356e+03
2.140194534301757812e+03
2.143173394441604614e+03
2.146372941493988037e+03
2.148192904710769653e+03
2.149931991577148438e+03
2.152137142419815063e+03
2.155728300809860229e+03
2.158717464447021484e+03
2.164504502296447754e+03
2.166426951408386230e+03
2.172753334522247314e+03
2.181055878400802612e+03
2.187308326959609985e+03
2.190611386299133301e+03
2.195127601146697998e+03
2.206935369253158569e+03
2.208186989784240723e+03
2.216800525188446045e+03
2.223409806966781616e+03
2.224919634819030762e+03
2.226952859878540039e+03
2.230257575750350952e+03
2.234845742940902710e+03
2.241045462131500244e+03
2.249597123622894287e+03
2.257162462711334229e+03
2.265706565141677856e+03
2.266873184204101562e+03
2.269893978834152222e+03
2.278379460811614990e+03
2.286838851928710938e+03
2.288150286674499512e+03
2.290578044176101685e+03
2.293508462429046631e+03
2.300486713647842407e+03
2.308791431188583374e+03
2.314908375501632690e+03
2.317637499570846558e+03
2.321361664295196533e+03
2.323577329874038696e+03
2.326797921180725098e+03
2.328262154817581177e+03
2.331560228586196899e+03
2.336019443511962891e+03
2.337744178056716919e+03
2.339030670881271362e+03
2.342724578380584717e+03
2.344693992853164673e+03
2.346108154296875000e+03
2.352652598619461060e+03
2.355196933269500732e+03
2.357613008499145508e+03
2.360557729959487915e+03
2.362083546161651611e+03
2.365335013151168823e+03
2.367619214296340942e+03
2.371360388278961182e+03
2.373791571855545044e+03
2.378369305849075317e+03
2.380420814752578735e+03
2.383394034385681152e+03
2.385442426443099976e+03
2.388598794698715210e+03
2.393391469240188599e+03
2.395474873781204224e+03
2.397831459283828735e+03
2.401056866884231567e+03
2.405673995494842529e+03
2.411418498516082764e+03
2.416572665691375732e+03
2.419242363691329956e+03
2.430254966974258423e+03
2.434442031860351562e+03
2.438922323942184448e+03
2.441325821638107300e+03
2.450545148611068726e+03
2.454251125574111938e+03
2.462571750164031982e+03
2.466333662271499634e+03
2.473643929719924927e+03
2.476692393302917480e+03
2.481216649770736694e+03
2.483268494129180908e+03
2.487042929172515869e+03
2.488267171144485474e+03
2.492009405374526978e+03
2.499525147199630737e+03
2.502055135488510132e+03
2.503350541114807129e+03
2.508164376497268677e+03
2.515466710329055786e+03
2.517705915451049805e+03
2.521222144126892090e+03
2.533823729991912842e+03
2.539193295240402222e+03
2.543407073736190796e+03
2.546410610675811768e+03
2.552565175056457520e+03
2.556212451457977295e+03
2.557537455797195435e+03
2.559460584163665771e+03
2.562248605251312256e+03
2.565925027608871460e+03
2.569618685483932495e+03
2.574531069755554199e+03
2.581770398855209351e+03
2.583754522085189819e+03
2.586034102439880371e+03
2.589617625474929810e+03
2.595776028156280518e+03
2.604712474346160889e+03
2.618416938781738281e+03
2.622847956418991089e+03
2.624480797767639160e+03
2.626308759689331055e+03
2.635404035329818726e+03
2.638818010091781616e+03
2.642649652242660522e+03
2.646994129896163940e+03
2.648932936429977417e+03
2.657629753589630127e+03
2.666460656642913818e+03
2.671310636520385742e+03
2.678753168106079102e+03
2.680638343334197998e+03
2.684099102258682251e+03
2.686787472963333130e+03
2.691274373292922974e+03
2.692826438665390015e+03
2.696002011299133301e+03
2.698017131805419922e+03
2.699784549713134766e+03
2.704090944051742554e+03
2.706060421943664551e+03
2.708408926963806152e+03
2.711954369306564331e+03
2.714184935808181763e+03
2.716171774864196777e+03
2.720800935506820679e+03
2.725292175292968750e+03
2.726679359912872314e+03
2.729552999258041382e+03
2.733179362535476685e+03
2.737108625173568726e+03
2.740559814214706421e+03
2.749155097484588623e+03
2.751483221054077148e+03
2.756366041660308838e+03
2.759824906587600708e+03
2.761445389747619629e+03
2.763696990251541138e+03
2.766987576484680176e+03
2.769831307172775269e+03
2.771272165536880493e+03
2.782431599617004395e+03
2.790686844348907471e+03
2.793881544113159180e+03
2.812255162954330444e+03
2.813551101684570312e+03
2.815226307630538940e+03
2.817452851295471191e+03
2.820131021499633789e+03
2.823760855674743652e+03
2.830991417646408081e+03
2.836719681262969971e+03
2.841380061388015747e+03
2.850965817213058472e+03
2.863920484781265259e+03
2.867392375469207764e+03
2.873009750843048096e+03
2.877627959966659546e+03
2.886337749481201172e+03
2.890206600904464722e+03
2.893048580884933472e+03
2.899099599599838257e+03
2.906284652471542358e+03
2.910802956342697144e+03
2.915225366592407227e+03
2.917194920778274536e+03
2.922092837095260620e+03
2.931858635902404785e+03
2.936166574716567993e+03
2.939743646860122681e+03
2.942853927135467529e+03
2.947331919431686401e+03
2.956050497293472290e+03
2.957496088504791260e+03
2.962046334505081177e+03
2.965618939161300659e+03
2.968717628479003906e+03
2.970775379419326782e+03
2.973373013973236084e+03
2.977928583145141602e+03
2.981214698076248169e+03
2.982478511095046997e+03
2.985080246686935425e+03
2.995030545949935913e+03
3.000320938110351562e+03
3.001660037040710449e+03
3.006466118335723877e+03
3.009742484092712402e+03
3.012720442056655884e+03
3.017957626819610596e+03
3.021493722915649414e+03
3.026177691459655762e+03
3.031745625257492065e+03
3.035838690757751465e+03
3.041550297498703003e+03
3.045167336940765381e+03
3.049813360929489136e+03
3.058160275459289551e+03
3.067736062526702881e+03
3.071970380306243896e+03
3.075910016536712646e+03
3.082103770017623901e+03
3.088807046413421631e+03
3.098589226722717285e+03
3.102268530607223511e+03
3.106196963310241699e+03
3.107745697021484375e+03
3.110217142820358276e+03
3.116127109050750732e+03
3.121220135450363159e+03
3.124859689474105835e+03
3.131310423851013184e+03
3.141924172878265381e+03
3.145673485040664673e+03
3.147834398746490479e+03
3.152225723266601562e+03
3.158028384685516357e+03
3.166310463666915894e+03
3.178506921052932739e+03
3.184488517045974731e+03
3.186109953880310059e+03
3.192683411598205566e+03
3.201153394222259521e+03
3.204222968816757202e+03
3.209084199666976929e+03
3.213396434068679810e+03
3.219584014892578125e+03
3.221626885175704956e+03
3.225373904466629028e+03
3.229708506107330322e+03
3.236637047767639160e+03
3.238701645612716675e+03
3.240593468427658081e+03
3.250690586090087891e+03
3.254612081527709961e+03
3.258699131250381470e+03
3.261203648328781128e+03
3.268448299407958984e+03
3.278503273725509644e+03
3.283464164257049561e+03
3.284868311882019043e+03
3.290760011911392212e+03
3.292992667198181152e+03
3.306325443506240845e+03
3.309573447227478027e+03
3.313563704252243042e+03
3.320260869503021240e+03
3.328102355957031250e+03
3.351481062412261963e+03
3.353975981712341309e+03
3.358952523708343506e+03
3.360226324796676636e+03
3.371874948740005493e+03
3.377633473157882690e+03
3.384003072977066040e+03
3.390359330177307129e+03
3.391553006172180176e+03
3.402840332746505737e+03
3.405946315050125122e+03
3.417690543889999390e+03
3.424428608417510986e+03
3.426719663858413696e+03
3.428118773937225342e+03
3.432222437381744385e+03
3.447854474782943726e+03
3.454573202371597290e+03
3.460669809818267822e+03
3.470295881271362305e+03
3.472798099994659424e+03
3.478704791784286499e+03
3.479983805179595947e+03
3.488043194293975830e+03
3.499049196720123291e+03
3.501538867473602295e+03
3.508450086832046509e+03
3.513060884237289429e+03
3.521552821636199951e+03
3.532152664661407471e+03
3.537992512941360474e+03
3.542372602701187134e+03
3.546908101797103882e+03
3.555212530136108398e+03
3.563047715663909912e+03
3.567146341323852539e+03
3.583362599134445190e+03
3.587150214195251465e+03
3.592630487203598022e+03
3.602278508186340332e+03
3.617005873441696167e+03
3.628109136343002319e+03
3.634490339040756226e+03
3.641037388563156128e+03
3.649883855342864990e+03
3.654419521808624268e+03
3.659010910511016846e+03
3.665157970428466797e+03
3.667691073656082153e+03
3.670154727220535278e+03
3.684092279672622681e+03
3.694992662906646729e+03
3.698370814323425293e+03
3.702856034517288208e+03
3.706247244358062744e+03
3.708240591526031494e+03
3.713530022621154785e+03
3.715279021501541138e+03
3.719673443317413330e+03
3.726776955366134644e+03
3.729630273103713989e+03
3.731599112749099731e+03
3.734995339155197144e+03
3.740296293973922729e+03
3.744320664405822754e+03
3.753822689533233643e+03
3.755252358198165894e+03
3.759350451231002808e+03
3.764102175474166870e+03
3.769521676778793335e+03
3.773849283456802368e+03
3.778144994735717773e+03
3.782252545356750488e+03
3.788084703683853149e+03
3.792633793592453003e+03
3.794898792028427124e+03
3.798029154062271118e+03
3.802329650640487671e+03
3.809234645366668701e+03
3.812466220617294312e+03
3.821084657430648804e+03
3.833009183645248413e+03
3.837915113925933838e+03
3.847710437297821045e+03
3.850715648651123047e+03
3.852808963060379028e+03
3.857475655317306519e+03
3.862065954208374023e+03
3.867137691259384155e+03
3.872973361968994141e+03
3.888173979997634888e+03
3.889800781250000000e+03
3.897346526861190796e+03
3.905817690372467041e+03
3.908545381784439087e+03
3.919484611272811890e+03
3.922342185020446777e+03
3.928992512702941895e+03
3.937511929512023926e+03
3.940949671506881714e+03
3.943881480216979980e+03
3.948245492935180664e+03
3.957951695442199707e+03
3.966126855373382568e+03
3.974230407953262329e+03
3.983897263050079346e+03
3.995477321386337280e+03
4.002239707708358765e+03
4.008490953445434570e+03
4.011478520154953003e+03
4.014820524454116821e+03
4.027888806819915771e+03
4.032126032352447510e+03
4.033845654010772705e+03
4.039570785999298096e+03
4.043040214538574219e+03
4.045984470367431641e+03
4.052531270027160645e+03
4.061231202125549316e+03
4.070333398342132568e+03
4.072941438436508179e+03
4.078425825595855713e+03
4.082560633420944214e+03
4.091500998735427856e+03
4.093055749416351318e+03
4.101447863817214966e+03
4.111982452392578125e+03
4.115092874288558960e+03
4.123650775432586670e+03
4.125980182409286499e+03
4.134059046268463135e+03
4.139677887439727783e+03
4.143534014225006104e+03
4.153125983953475952e+03
4.165250795125961304e+03
4.170604521989822388e+03
4.173561812877655029e+03
4.180249553918838501e+03
4.189413937568664551e+03
4.196950857877731323e+03
4.210748146772384644e+03
4.215759225130081177e+03
4.222025733470916748e+03
4.231603988409042358e+03
4.233496782541275024e+03
4.243268405437469482e+03
4.256090697526931763e+03
4.268093312501907349e+03
4.278225830554962158e+03
4.290326820135116577e+03
4.304150999546051025e+03
4.317068560838699341e+03
4.321362363100051880e+03
4.330035089492797852e+03
4.345266733407974243e+03
4.354786548376083374e+03
4.357914083003997803e+03
4.361374565124511719e+03
4.369805462598800659e+03
4.372328809261322021e+03
4.376550339221954346e+03
4.390388744831085205e+03
4.397535889148712158e+03
4.405725660562515259e+03
4.420445394754409790e+03
4.437016498327255249e+03
4.450904740571975708e+03
4.452898441791534424e+03
4.461872910976409912e+03
4.473502603769302368e+03
4.484683193206787109e+03
4.492674312353134155e+03
4.496927266836166382e+03
4.506331840276718140e+03
4.508215390920639038e+03
4.512033746480941772e+03
4.513668164253234863e+03
4.515166386604309082e+03
4.523657600402832031e+03
4.533780236005783081e+03
4.535536145925521851e+03
4.552340236425399780e+03
4.556567296981811523e+03
4.567800538063049316e+03
4.570066986322402954e+03
4.581109911441802979e+03
4.582963980674743652e+03
4.589715271711349487e+03
4.596052070856094360e+03
4.605462367057800293e+03
4.616599720954895020e+03
4.629504445791244507e+03
4.633724307537078857e+03
4.635325741529464722e+03
4.643793826103210449e+03
4.647724676609039307e+03
4.650821030616760254e+03
4.657754716634750366e+03
4.676829789400100708e+03
4.686414439201354980e+03
4.690236536502838135e+03
4.705581530809402466e+03
4.710575327396392822e+03
4.712450429201126099e+03
4.721711650609970093e+03
4.733666452884674072e+03
4.748171410322189331e+03
4.757381492614746094e+03
4.767509820938110352e+03
4.778936219930648804e+03
4.792697975873947144e+03
4.805710791110992432e+03
4.812734135627746582e+03
4.814674033164978027e+03
4.847735094785690308e+03
4.862555306434631348e+03
4.883633254051208496e+03
4.890912809371948242e+03
4.911067703008651733e+03
4.924975262403488159e+03
4.939803199291229248e+03
4.955050622701644897e+03
4.959485988855361938e+03
4.969210339784622192e+03
4.983580959558486938e+03
4.986993706941604614e+03
4.991921112060546875e+03
5.000021431684494019e+03
5.007279385089874268e+03
5.022814954280853271e+03
5.034585184574127197e+03
5.039433253049850464e+03
5.048119151830673218e+03
5.049860012292861938e+03
5.058413620948791504e+03
5.070016954898834229e+03
5.082579429626464844e+03
5.087404839515686035e+03
5.089324495077133179e+03
5.102011165618896484e+03
5.104512810230255127e+03
5.109695602893829346e+03
5.114541753530502319e+03
5.121966670036315918e+03
5.130016090869903564e+03
5.134024151563644409e+03
5.135959983110427856e+03
5.140425320386886597e+03
5.151131323575973511e+03
5.159062959432601929e+03
5.171538110971450806e+03
5.199274354457855225e+03
5.213582051038742065e+03
5.219111311912536621e+03
5.233118572235107422e+03
5.245383516550064087e+03
5.250399531602859497e+03
5.255052603960037231e+03
5.264661704063415527e+03
5.268339098453521729e+03
5.295710379123687744e+03
5.299540878534317017e+03
5.306949536323547363e+03
5.328564279556274414e+03
5.343431300163269043e+03
5.347872554779052734e+03
5.353595389366149902e+03
5.358192666769027710e+03
5.364429426670074463e+03
5.372682862043380737e+03
5.401274663925170898e+03
5.413506708621978760e+03
5.417564141988754272e+03
5.423756718635559082e+03
5.438802570819854736e+03
5.452596833944320679e+03
5.456189142227172852e+03
5.460871222972869873e+03
5.469574379920959473e+03
5.472886694908142090e+03
5.488721303224563599e+03
5.493520174741744995e+03
5.500385158061981201e+03
5.510517504930496216e+03
5.514512470006942749e+03
5.525768947362899780e+03
5.549170220613479614e+03
5.568964847564697266e+03
5.577066880226135254e+03
5.580487627029418945e+03
5.593129927873611450e+03
5.595741778850555420e+03
5.609461523294448853e+03
5.617530218124389648e+03
5.632786604166030884e+03
5.645474558353424072e+03
5.657072344303131104e+03
5.661753697395324707e+03
5.663279749631881714e+03
5.672754955291748047e+03
5.681526643753051758e+03
5.703482532262802124e+03
5.707505621433258057e+03
5.718101614236831665e+03
5.730448898792266846e+03
5.741100589513778687e+03
5.746600935935974121e+03
5.750914116144180298e+03
5.760530284881591797e+03
5.776424849748611450e+03
5.780985221624374390e+03
5.786159838914871216e+03
5.790947576045989990e+03
5.797294316530227661e+03
5.805987756729125977e+03
5.819459767341613770e+03
5.824455028057098389e+03
5.828816864728927612e+03
5.832049946546554565e+03
5.836553135156631470e+03
5.841174099445343018e+03
5.845721014499664307e+03
5.847370736360549927e+03
5.856114237308502197e+03
5.858186952590942383e+03
5.869263418436050415e+03
5.874318515777587891e+03
5.879095124244689941e+03
5.886573570728302002e+03
5.895735012769699097e+03
5.915753015279769897e+03
5.932113117694854736e+03
5.937191956281661987e+03
5.948182194471359253e+03
5.957722452402114868e+03
5.969416580438613892e+03
5.974920580863952637e+03
5.984363896608352661e+03
5.993044300317764282e+03
6.005443357706069946e+03
6.009704079627990723e+03
6.013089917182922363e+03
6.015102584600448608e+03
6.024774993419647217e+03
6.026557073116302490e+03
6.031357710361480713e+03
6.037634984731674194e+03
6.045797002553939819e+03
6.055792145967483521e+03
6.070239078521728516e+03
6.073927240848541260e+03
6.077629227638244629e+03
6.086058754444122314e+03
6.098830269336700439e+03
6.111911150455474854e+03
6.129165479898452759e+03
6.135231956958770752e+03
6.144565337896347046e+03
6.157836820125579834e+03
6.170526679277420044e+03
6.187257121086120605e+03
6.192652142763137817e+03
6.206366774082183838e+03
6.216333445549011230e+03
6.219534446716308594e+03
6.235638561248779297e+03
6.254786137342453003e+03
6.259637106895446777e+03
6.270482079029083252e+03
6.281586378812789917e+03
6.296267849206924438e+03
6.333713772058486938e+03
6.339195324897766113e+03
6.352223086118698120e+03
6.366394790649414062e+03
6.370022243261337280e+03
6.375072791814804077e+03
6.380221182346343994e+03
6.387623181819915771e+03
6.401538124561309814e+03
6.407519794702529907e+03
6.414553222179412842e+03
6.421983030557632446e+03
6.425449005126953125e+03
6.435194346666336060e+03
6.442165003776550293e+03
6.448465356349945068e+03
6.451330893278121948e+03
6.460408678054809570e+03
6.474845065593719482e+03
6.480584837436676025e+03
6.500025244235992432e+03
6.504957899570465088e+03
6.515722798824310303e+03
6.518716372013092041e+03
6.537973728656768799e+03
6.551517379760742188e+03
6.565394803285598755e+03
6.583516092061996460e+03
6.606280419826507568e+03
6.617634808778762817e+03
6.621553808927536011e+03
6.628958952188491821e+03
6.646781897544860840e+03
6.656442780494689941e+03
6.668255728960037231e+03
6.682630714178085327e+03
6.688069170475006104e+03
6.695458029031753540e+03
6.705822477340698242e+03
6.717684468507766724e+03
6.731393424510955811e+03
6.751963801145553589e+03
6.765171902656555176e+03
6.780857614994049072e+03
6.794037230730056763e+03
6.811418273210525513e+03
6.820106257200241089e+03
6.843186393976211548e+03
6.855102980613708496e+03
6.883699858903884888e+03
6.907891210794448853e+03
6.926434925079345703e+03
6.937257020235061646e+03
6.951361648321151733e+03
6.963356870889663696e+03
6.981479967355728149e+03
6.989077827215194702e+03
6.990824368715286255e+03
7.002760203838348389e+03
7.015918827772140503e+03
7.019687334775924683e+03
7.021455104351043701e+03
7.032158151626586914e+03
7.063895071268081665e+03
7.076037958145141602e+03
7.091171019792556763e+03
7.096586736440658569e+03
7.107507253408432007e+03
7.121235448122024536e+03
7.144098471879959106e+03
7.170049280166625977e+03
7.175324888706207275e+03
7.186075204610824585e+03
7.189043948411941528e+03
7.201676627159118652e+03
7.231314834356307983e+03
7.238803527116775513e+03
7.261697622537612915e+03
7.286016457796096802e+03
7.315965595722198486e+03
7.332055865049362183e+03
7.336709971904754639e+03
7.344752862930297852e+03
7.369674856901168823e+03
7.399874421119689941e+03
7.436514220476150513e+03
7.452008882522583008e+03
7.460677659511566162e+03
7.471593982219696045e+03
7.501840261697769165e+03
7.536554310560226440e+03
7.541809508085250854e+03
7.545542830228805542e+03
7.584012006998062134e+03
7.597396320581436157e+03
7.611679903268814087e+03
7.626277813911437988e+03
7.628761437177658081e+03
7.632928708076477051e+03
7.686873552560806274e+03
7.732998063802719116e+03
7.738822252988815308e+03
7.747282179594039917e+03
7.766270708560943604e+03
7.800215781927108765e+03
7.805085031747817993e+03
7.810984737873077393e+03
7.818467057466506958e+03
7.830928642272949219e+03
7.844700130939483643e+03
7.864391889333724976e+03
7.870132233381271362e+03
7.882486074447631836e+03
7.921180233240127563e+03
7.924810276746749878e+03
7.961049504756927490e+03
7.963737722158432007e+03
7.994022204399108887e+03
8.018956130981445312e+03
8.024452016115188599e+03
8.060448254346847534e+03
8.073135436773300171e+03
8.081122998237609863e+03
8.113155717372894287e+03
8.135891284942626953e+03
8.160591850757598877e+03
8.168151926517486572e+03
8.188763331890106201e+03
8.206807436227798462e+03
8.245472986459732056e+03
8.283104810714721680e+03
8.285723065614700317e+03
8.293362759828567505e+03
8.303287558078765869e+03
8.360472376823425293e+03
8.390042003154754639e+03
8.393498520135879517e+03
8.412675338745117188e+03
8.422875958204269409e+03
8.446027919769287109e+03
8.488652923345565796e+03
8.494832898855209351e+03
8.508297028303146362e+03
8.519989064216613770e+03
8.560242801904678345e+03
8.587582904577255249e+03
8.593802993297576904e+03
8.604999209403991699e+03
8.617147742748260498e+03
8.675724117279052734e+03
8.691810341358184814e+03
8.705911158084869385e+03
8.715917665004730225e+03
8.744560010433197021e+03
8.749277088165283203e+03
8.774338841915130615e+03
8.790571504831314087e+03
8.804644282817840576e+03
8.822650901794433594e+03
8.841319670915603638e+03
8.867308796167373657e+03
8.877154629707336426e+03
8.888555514574050903e+03
8.907226297616958618e+03
8.910538332223892212e+03
8.914975726842880249e+03
8.921028396606445312e+03
8.923228077650070190e+03
8.938889029979705811e+03
8.959033773660659790e+03
8.963284184694290161e+03
8.973633700132369995e+03
8.982349424600601196e+03
8.993287722826004028e+03
9.009930049657821655e+03
9.038105269193649292e+03
9.043692036628723145e+03
9.051420631885528564e+03
9.065323038578033447e+03
9.087931385993957520e+03
9.102314711093902588e+03
9.112416186332702637e+03
9.123655524015426636e+03
9.126948694705963135e+03
9.130790334701538086e+03
9.177044676542282104e+03
9.180728145837783813e+03
9.194099488973617554e+03
9.214169373750686646e+03
9.237069275617599487e+03
9.289734348535537720e+03
9.295280202150344849e+03
9.307471233367919922e+03
9.318547070503234863e+03
9.321665888547897339e+03
9.348618927478790283e+03
9.357477217674255371e+03
9.369963683605194092e+03
9.399279651641845703e+03
9.414453886270523071e+03
9.437839904785156250e+03
9.443423591852188110e+03
9.460637984514236450e+03
9.505577137947082520e+03
9.526930647373199463e+03
9.545262212514877319e+03
9.550802144289016724e+03
9.559130384922027588e+03
9.571011491537094116e+03
9.584805413246154785e+03
9.607728920459747314e+03
9.629223901748657227e+03
9.653506679773330688e+03
9.665481055021286011e+03
9.679744999170303345e+03
9.734513728380203247e+03
9.752303289175033569e+03
9.765601158380508423e+03
9.785297598600387573e+03
9.799046628475189209e+03
9.819544450998306274e+03
9.824666058301925659e+03
9.833520553350448608e+03
9.861720687150955200e+03
9.915815150499343872e+03
9.933119654178619385e+03
9.943673014163970947e+03
9.968137834072113037e+03
1.001353194284439087e+04
1.006893894338607788e+04
1.008497781419754028e+04
1.009103690814971924e+04
1.011263779854774475e+04
1.014971383643150330e+04
1.018533887815475464e+04
1.021265040159225464e+04
1.021927269148826599e+04
1.022817744898796082e+04
1.025742881917953491e+04
1.028261523675918579e+04
1.032648032498359680e+04
1.033702625298500061e+04
1.034740777111053467e+04
1.039353066754341125e+04
1.041007718038558960e+04
1.042660187673568726e+04
1.043324847459793091e+04
1.044199035215377808e+04
1.046961433005332947e+04
1.050360696864128113e+04
1.052209225082397461e+04
1.053243093371391296e+04
1.054567771768569946e+04
1.056565354347229004e+04
1.060001723527908325e+04
1.064089627337455750e+04
1.065976692867279053e+04
1.068119423913955688e+04
1.071896435379981995e+04
1.078124326825141907e+04
1.082015549659729004e+04
1.083753846836090088e+04
1.084670784902572632e+04
1.085920514631271362e+04
1.092082418966293335e+04
1.092581363105773926e+04
1.093285833859443665e+04
1.094438046240806580e+04
1.096473722195625305e+04
1.102906736874580383e+04
1.106131155967712402e+04
1.108634087824821472e+04
1.109028895425796509e+04
1.114077135419845581e+04
1.118468313193321228e+04
1.126393483042716980e+04
1.128162270641326904e+04
1.130453871273994446e+04
1.130942103648185730e+04
1.133836629271507263e+04
1.141774345183372498e+04
1.143648661446571350e+04
1.146309746193885803e+04
1.148423353576660156e+04
1.153278015375137329e+04
1.153912889075279236e+04
1.154509917998313904e+04
1.155411183857917786e+04
1.157179202818870544e+04
1.161497527360916138e+04
1.162135902523994446e+04
1.164030072188377380e+04
1.166977073621749878e+04
1.170664917993545532e+04
1.175720166826248169e+04
1.178887000226974487e+04
1.180871954011917114e+04
1.183976257133483887e+04
1.188028553986549377e+04
1.194859173583984375e+04
1.197795245695114136e+04
1.198964143610000610e+04
1.201910537171363831e+04
1.205969554948806763e+04
1.208808920025825500e+04
1.216720398974418640e+04
1.218717718958854675e+04
1.222701149439811707e+04
1.226667582058906555e+04
1.233531189227104187e+04
1.236960099196434021e+04
1.237187778043746948e+04
1.238089062595367432e+04
1.241243227577209473e+04
1.248086431956291199e+04
1.256441832232475281e+04
1.258549321007728577e+04
1.262892782711982727e+04
1.264895277905464172e+04
1.266544232463836670e+04
1.268298394465446472e+04
1.270291345381736755e+04
1.271226741933822632e+04
1.272368598771095276e+04
1.276510649967193604e+04
1.281354360461235046e+04
1.282279044795036316e+04
1.285239620471000671e+04
1.288551233744621277e+04
1.290915231800079346e+04
1.294080314326286316e+04
1.294736712169647217e+04
1.296296073150634766e+04
1.298728291130065918e+04
1.301430986452102661e+04
1.304903530645370483e+04
1.307009486937522888e+04
1.311262285470962524e+04
1.314375067424774170e+04
1.317240750980377197e+04
1.320489485549926758e+04
1.321250554656982422e+04
1.323041226410865784e+04
1.325331100797653198e+04
1.332651320481300354e+04
1.341084315776824951e+04
1.343223228001594543e+04
1.344287219738960266e+04
1.348527398419380188e+04
1.355068063592910767e+04
1.361079820823669434e+04
1.362376653409004211e+04
1.366279902982711792e+04
1.369747082257270813e+04
1.371358631205558777e+04
1.379951881408691406e+04
1.380927947115898132e+04
1.382006205344200134e+04
1.387893034362792969e+04
1.391018928456306458e+04
1.394616425061225891e+04
1.395419094729423523e+04
1.398773809242248535e+04
1.404585124969482422e+04
1.411036701560020447e+04
1.413631619358062744e+04
1.414196675086021423e+04
1.415174873352050781e+04
1.420434599232673645e+04
1.422113481259346008e+04
1.425518978190422058e+04
1.428593829679489136e+04
1.433119385504722595e+04
1.437567606210708618e+04
1.442912033462524414e+04
1.446305050754547119e+04
1.447039381098747253e+04
1.448171885204315186e+04
1.452638933110237122e+04
1.460156314682960510e+04
1.463905786132812500e+04
1.464691670751571655e+04
1.469238997101783752e+04
1.473389306092262268e+04
1.479177637648582458e+04
1.482737340450286865e+04
1.485854871582984924e+04
1.486897379875183105e+04
1.489238660907745361e+04
1.491158662104606628e+04
1.493675981712341309e+04
1.494099580597877502e+04
1.498543824219703674e+04
1.504455511260032654e+04
1.507587911701202393e+04
1.507972478294372559e+04
1.510142543125152588e+04
1.514669036507606506e+04
1.520682285070419312e+04
1.528437484955787659e+04
1.530369655704498291e+04
1.531074077796936035e+04
1.535806284117698669e+04
1.541739409732818604e+04
1.544650542187690735e+04
1.548223378443717957e+04
1.551189658951759338e+04
1.552382769393920898e+04
1.558527982568740845e+04
1.566076401877403259e+04
1.568341645383834839e+04
1.571526577377319336e+04
1.572685770082473755e+04
1.578996374750137329e+04
1.580664832377433777e+04
1.582968241143226624e+04
1.583666712880134583e+04
1.588188000702857971e+04
1.594324141192436218e+04
1.596174752950668335e+04
1.598681578207015991e+04
1.599806437301635742e+04
1.600147574305534363e+04
1.602967257189750671e+04
1.610843932151794434e+04
1.620082686042785645e+04
1.621244505691528320e+04
1.625860791540145874e+04
1.627368703055381775e+04
1.630384740114212036e+04
1.637108266592025757e+04
1.638265682077407837e+04
1.639370334029197693e+04
1.645524349665641785e+04
1.651329180598258972e+04
1.658027499055862427e+04
1.658844862818717957e+04
1.660113084173202515e+04
1.666626927351951599e+04
1.669684461236000061e+04
1.671841801548004150e+04
1.672640380716323853e+04
1.674305596303939819e+04
1.680503284716606140e+04
1.680776975846290588e+04
1.682956414580345154e+04
1.683628424406051636e+04
1.686786217927932739e+04
1.688418552064895630e+04
1.696499794054031372e+04
1.698474196147918701e+04
1.699606336188316345e+04
1.701095027613639832e+04
1.707500674700737000e+04
1.710663412070274353e+04
1.710977674818038940e+04
1.711691735196113586e+04
1.714457971477508545e+04
1.720788858056068420e+04
1.728827825689315796e+04
1.735663244509696960e+04
1.736410766339302063e+04
1.741318987083435059e+04
1.743354488182067871e+04
1.751248548460006714e+04
1.758567635965347290e+04
1.761834903788566589e+04
1.762127569150924683e+04
1.764511532616615295e+04
1.772319057774543762e+04
1.782171918249130249e+04
1.784545506930351257e+04
1.788003812193870544e+04
1.789687445139884949e+04
1.794172367501258850e+04
1.799545980048179626e+04
1.802905892133712769e+04
1.804842724227905273e+04
1.810765935683250427e+04
1.819046442937850952e+04
1.824601348829269409e+04
1.826306536889076233e+04
1.829002197074890137e+04
1.832823195385932922e+04
1.838439462614059448e+04
1.848331778001785278e+04
1.849511691856384277e+04
1.854443118286132812e+04
1.861076731443405151e+04
1.863929466581344604e+04
1.873924433445930481e+04
1.874664467668533325e+04
1.875917238545417786e+04
1.877817810201644897e+04
1.886083807253837585e+04
1.896112086892127991e+04
1.896866681599617004e+04
1.900137145495414734e+04
1.904725439739227295e+04
1.908035145211219788e+04
1.910729609346389771e+04
1.911837328386306763e+04
1.916949374723434448e+04
1.923754282593727112e+04
1.924141666388511658e+04
1.934048626089096069e+04
1.937263417577743530e+04
1.942449941492080688e+04
1.945303335618972778e+04
1.953802106308937073e+04
1.963925677824020386e+04
1.964746195483207703e+04
1.969996691608428955e+04
1.970413514828681946e+04
1.979091214299201965e+04
1.983420954346656799e+04
1.983776627135276794e+04
1.987663444113731384e+04
1.990489129495620728e+04
1.999246982884407043e+04
2.009374315714836121e+04
2.010261978220939636e+04
2.010621916460990906e+04
2.012326259756088257e+04
2.020847197914123535e+04
2.031101923036575317e+04
2.031902990317344666e+04
2.037017741799354553e+04
2.043778092074394226e+04
2.046132669758796692e+04
2.048577239656448364e+04
2.049392575120925903e+04
2.054420892930030823e+04
2.061290981554985046e+04
2.069799836778640747e+04
2.080176345181465149e+04
2.081224073052406311e+04
2.082347617936134338e+04
2.089494270920753479e+04
2.098017124319076538e+04
2.108499907255172729e+04
2.109394673895835876e+04
2.114720009374618530e+04
2.121900189638137817e+04
2.130463572335243225e+04
2.131140116572380066e+04
2.131929115986824036e+04
2.135872497296333313e+04
2.143009898066520691e+04
2.143274129915237427e+04
2.153831857299804688e+04
2.154747550201416016e+04
2.156169689822196960e+04
2.159109131383895874e+04
2.167924360299110413e+04
2.178330069160461426e+04
2.179205919194221497e+04
2.184713875532150269e+04
2.191809723901748657e+04
2.199712372303009033e+04
2.210681902766227722e+04
2.211565999889373779e+04
2.217060025858879089e+04
2.224131491351127625e+04
2.233056720662117004e+04
2.239401548004150391e+04
2.242125784587860107e+04
2.247401288557052612e+04
2.249076944851875305e+04
2.249690138840675354e+04
2.255498288607597351e+04
2.256306150627136230e+04
2.261676707458496094e+04
2.263424937987327576e+04
2.265852137470245361e+04
2.276004118108749390e+04
2.276301223993301392e+04
2.279281752562522888e+04
2.279803337526321411e+04
2.286454899144172668e+04
2.297031098699569702e+04
2.297975485420227051e+04
2.303029152750968933e+04
2.307232688450813293e+04
2.316360380029678345e+04
2.318873642563819885e+04
2.321361536407470703e+04
2.326849525165557861e+04
2.329234509849548340e+04
2.338338918900489807e+04
2.341308418250083923e+04
2.342494614291191101e+04
2.348173760294914246e+04
2.349815230464935303e+04
2.355168362021446228e+04
2.359494882559776306e+04
2.360097777509689331e+04
2.365532069563865662e+04
2.367308633875846863e+04
2.373047183537483215e+04
2.375399225378036499e+04
2.376380257582664490e+04
2.381693029069900513e+04
2.384153150129318237e+04
2.386376153779029846e+04
2.394187370491027832e+04
2.395053110241889954e+04
2.400624835705757141e+04
2.403310475778579712e+04
2.405457992744445801e+04
2.411478184914588928e+04
2.412468924045562744e+04
2.418156243515014648e+04
2.419968157863616943e+04
2.429281335282325745e+04
2.438121215629577637e+04
2.438968739104270935e+04
2.444842901754379272e+04
2.452275952196121216e+04
2.458806670880317688e+04
2.459775698471069336e+04
2.463441301894187927e+04
2.469024841713905334e+04
2.473314767289161682e+04
2.482775100111961365e+04
2.494256781625747681e+04
2.495253966498374939e+04
2.501136702203750610e+04
2.508798340010643005e+04
2.517976807975769043e+04
2.528277204942703247e+04
2.532237021899223328e+04
2.537516190481185913e+04
2.545008017086982727e+04
2.547297385907173157e+04
2.558722788548469543e+04
2.562576264905929565e+04
2.568339812064170837e+04
2.576232701945304871e+04
2.585786770725250244e+04
2.596953059315681458e+04
2.599260208725929260e+04
2.605021585297584534e+04
2.612596526956558228e+04
2.618146918439865112e+04
2.626144533634185791e+04
2.630136781287193298e+04
2.635789559078216553e+04
2.642748973298072815e+04
2.644823211288452148e+04
2.656574163365364075e+04
2.659282099270820618e+04
2.665107256722450256e+04
2.669546834993362427e+04
2.670688517403602600e+04
2.681958145570755005e+04
2.685773517060279846e+04
2.691592738318443298e+04
2.693669058728218079e+04
2.703369959497451782e+04
2.714572152400016785e+04
2.715587603974342346e+04
2.721325289797782898e+04
2.728954009842872620e+04
2.738449995326995850e+04
2.750129457926750183e+04
2.753980062913894653e+04
2.759959097576141357e+04
2.763254961037635803e+04
2.765567646622657776e+04
2.772589674854278564e+04
2.775364097976684570e+04
2.781291382551193237e+04
2.789109239864349365e+04
2.798490197372436523e+04
2.810409397125244141e+04
2.814039501070976257e+04
2.819103464794158936e+04
2.826940709614753723e+04
2.832593087410926819e+04
2.836992863082885742e+04
2.837899690079689026e+04
2.841327939772605896e+04
2.849433598875999451e+04
2.859480085730552673e+04
2.864129599237442017e+04
2.866389884543418884e+04
2.872482229304313660e+04
2.878225072288513184e+04
2.888057848715782166e+04
2.892645502471923828e+04
2.896533235502243042e+04
2.901542124319076538e+04
2.909593636274337769e+04
2.913939004564285278e+04
2.922532227683067322e+04
2.926477437520027161e+04
2.932493712687492371e+04
2.940657743501663208e+04
2.950790159273147583e+04
2.962788977026939392e+04
2.964552147316932678e+04
2.968916231060028076e+04
2.976989813590049744e+04
2.979264612555503845e+04
2.991522960329055786e+04
2.995606537723541260e+04
3.001839140176773071e+04
3.008807252502441406e+04
3.019004937887191772e+04
3.019560540199279785e+04
3.023517963790893555e+04
3.029675525903701782e+04
3.037812018275260925e+04
3.048086639714241028e+04
3.056297308516502380e+04
3.060336509633064270e+04
3.066727117466926575e+04
3.074860730075836182e+04
3.085015975928306580e+04
3.097797327756881714e+04
3.100525016379356384e+04
3.103901468753814697e+04
3.112125198841094971e+04
3.121798193907737732e+04
3.130857881283760071e+04
3.131223206233978271e+04
3.137220800018310547e+04
3.137672196555137634e+04
3.138161634039878845e+04
3.141342730855941772e+04
3.143104455423355103e+04
3.143495942306518555e+04
3.151824943757057190e+04
3.159107165837287903e+04
3.168406216907501221e+04
3.169452953958511353e+04
3.175534025001525879e+04
3.183674437522888184e+04
3.190758261632919312e+04
3.203150673007965088e+04
3.206185687351226807e+04
3.212524802899360657e+04
3.220301054978370667e+04
3.224813571572303772e+04
3.229608137202262878e+04
3.233773025822639465e+04
3.239997999382019043e+04
3.248166566944122314e+04
3.255828390884399414e+04
3.268512992763519287e+04
3.272518707990646362e+04
3.278585798907279968e+04
3.279385144400596619e+04
3.289515307879447937e+04
3.302159799385070801e+04
3.306490589451789856e+04
3.312458435916900635e+04
3.314709464907646179e+04
3.323904902625083923e+04
3.331706752586364746e+04
3.336017509102821350e+04
3.342161940264701843e+04
3.350577609109878540e+04
3.358009463119506836e+04
3.369681265568733215e+04
3.371743226909637451e+04
3.377935677433013916e+04
3.381294145441055298e+04
3.391587749934196472e+04
3.396804814743995667e+04
3.398565542149543762e+04
3.399159044170379639e+04
3.402626355075836182e+04
3.413010795569419861e+04
3.417729094719886780e+04
3.419618949532508850e+04
3.421328137946128845e+04
3.429660253882408142e+04
3.433786071944236755e+04
3.442658644270896912e+04
3.446884505748748779e+04
3.453245826697349548e+04
3.455339726138114929e+04
3.466126397800445557e+04
3.475330276775360107e+04
3.478644363045692444e+04
3.485003530478477478e+04
3.487374798226356506e+04
3.497946857523918152e+04
3.501190247368812561e+04
3.503745186066627502e+04
3.504098403668403625e+04
3.506827380371093750e+04
3.513161608338356018e+04
3.524327860689163208e+04
3.528420254564285278e+04
3.532664931058883667e+04
3.540879778361320496e+04
3.551673763966560364e+04
3.564799850320816040e+04
3.566773055768013000e+04
3.573256147456169128e+04
3.575324970006942749e+04
3.579576004076004028e+04
3.592603386092185974e+04
3.593030002188682556e+04
3.596673449873924255e+04
3.605390868735313416e+04
3.607882604908943176e+04
3.611175124549865723e+04
3.615546632480621338e+04
3.622035267806053162e+04
3.623922481012344360e+04
3.634387480187416077e+04
3.639105020666122437e+04
3.642307086515426636e+04
3.646285319638252258e+04
3.648970119714736938e+04
3.659410205030441284e+04
3.663000941586494446e+04
3.667234851479530334e+04
3.673157727622985840e+04
3.678850121927261353e+04
3.689559953856468201e+04
3.695054414582252502e+04
3.696187616205215454e+04
3.702558431148529053e+04
3.711322823309898376e+04
3.721369088006019592e+04
3.729342414522171021e+04
3.730372823548316956e+04
3.736912566137313843e+04
3.745378542923927307e+04
3.753305518388748169e+04
3.766165818119049072e+04
3.768711493802070618e+04
3.771668565964698792e+04
3.773991007471084595e+04
3.774859668302536011e+04
3.787716735816001892e+04
3.788318389081954956e+04
3.794528329396247864e+04
3.797461816859245300e+04
3.808511013197898865e+04
3.813059984922409058e+04
3.817346893644332886e+04
3.823930255246162415e+04
3.826420337486267090e+04
3.837227729010581970e+04
3.850118533611297607e+04
3.852504320025444031e+04
3.854171128392219543e+04
3.855947135663032532e+04
3.858743269491195679e+04
3.861609187483787537e+04
3.862793435430526733e+04
3.869135067534446716e+04
3.877962566661834717e+04
3.888145446991920471e+04
3.901190348768234253e+04
3.904333515596389771e+04
3.908134260535240173e+04
3.917011081695556641e+04
3.925043288731575012e+04
3.938239870309829712e+04
3.941562390995025635e+04
3.948042049789428711e+04
3.956879602527618408e+04
3.965175824046134949e+04
3.974657917141914368e+04
3.979198196768760681e+04
3.985910762238502502e+04
3.994593950939178467e+04
4.003031256365776062e+04
4.016545777416229248e+04
4.017469968605041504e+04
4.019171385049819946e+04
4.028093598532676697e+04
4.032959552311897278e+04
4.036131692075729370e+04
4.037990775346755981e+04
4.044535438919067383e+04
4.045232234954833984e+04
4.049713952779769897e+04
4.062959570956230164e+04
4.067446989560127258e+04
4.068960735559463501e+04
4.071205715394020081e+04
4.071884673380851746e+04
4.085168005800247192e+04
4.086268200826644897e+04
4.091094905519485474e+04
4.096195956563949585e+04
4.107026812720298767e+04
4.112327951121330261e+04
4.114786248898506165e+04
4.121407414412498474e+04
4.130315395426750183e+04
4.134526074290275574e+04
4.139876628923416138e+04
4.144487439227104187e+04
4.150955157446861267e+04
4.158914814853668213e+04
4.169942517614364624e+04
4.179656823086738586e+04
4.184029350829124451e+04
4.190822654533386230e+04
4.199895876812934875e+04
4.211457820296287537e+04
4.224683021354675293e+04
4.229084303689002991e+04
4.235647038841247559e+04
4.244496367716789246e+04
4.252385303688049316e+04
4.265594801974296570e+04
4.266622325086593628e+04
4.273563474130630493e+04
4.279796639657020569e+04
4.288274970412254333e+04
4.298467921805381775e+04
4.299183568286895752e+04
4.305910929703712463e+04
4.314929017138481140e+04
4.326299108481407166e+04
4.339601130843162537e+04
4.344052606558799744e+04
4.350890737962722778e+04
4.359956647872924805e+04
4.370287486982345581e+04
4.380269205451011658e+04
4.382057424521446228e+04
4.388176801276206970e+04
4.397302348303794861e+04
4.408617835426330566e+04
4.422101167321205139e+04
4.426683778285980225e+04
4.433436646533012390e+04
4.437441468524932861e+04
4.440311837506294250e+04
4.448613558745384216e+04
4.451924877238273621e+04
4.456581737136840820e+04
4.465536182546615601e+04
4.469806690287590027e+04
4.483462425780296326e+04
4.488036892819404602e+04
4.494465681242942810e+04
4.499536504888534546e+04
4.510916885662078857e+04
4.516390650868415833e+04
4.520819403362274170e+04
4.522788435125350952e+04
4.523245902895927429e+04
4.531040049815177917e+04
4.536027596950531006e+04
4.537689291381835938e+04
4.542633272838592529e+04
4.551251982712745667e+04
4.562957285666465759e+04
4.568470457434654236e+04
4.573228360462188721e+04
4.580120338201522827e+04
4.589246645998954773e+04
4.597517631554603577e+04
4.600905847549438477e+04
4.605493283510208130e+04
4.612304052114486694e+04
4.621417089128494263e+04
4.632886265659332275e+04
4.635909585666656494e+04
4.636915298271179199e+04
4.643664061141014099e+04
4.653137107467651367e+04
4.657643907356262207e+04
4.671313249611854553e+04
4.672443470096588135e+04
4.679135354804992676e+04
4.688356568145751953e+04
4.693067683911323547e+04
4.698305637907981873e+04
4.700271549606323242e+04
4.707062945222854614e+04
4.716445059180259705e+04
4.721121743822097778e+04
4.731116308116912842e+04
4.732152320075035095e+04
4.735092316794395447e+04
4.741627950811386108e+04
4.753382410717010498e+04
4.758468397498130798e+04
4.763187037515640259e+04
4.765036640954017639e+04
4.769167785024642944e+04
4.777920280170440674e+04
4.791654368972778320e+04
4.796263055253028870e+04
4.799161360836029053e+04
4.808465188884735107e+04
4.820071463489532471e+04
4.823477411055564880e+04
4.827269654202461243e+04
4.834064419817924500e+04
4.843481206631660461e+04
4.855024295616149902e+04
4.869052898502349854e+04
4.873771296286582947e+04
4.875741975069046021e+04
4.878179957747459412e+04
4.890067795801162720e+04
4.895542683434486389e+04
4.896748735809326172e+04
4.903233673620223999e+04
4.903729467892646790e+04
4.908482380056381226e+04
4.909777017092704773e+04
4.914598006081581116e+04
4.921720609617233276e+04
4.925789355182647705e+04
4.937294621539115906e+04
4.941649011516571045e+04
4.946401985096931458e+04
4.953434603190422058e+04
4.962992099571228027e+04
4.971869362854957581e+04
4.986001418209075928e+04
4.987237246227264404e+04
4.994351562595367432e+04
4.999875122022628784e+04
5.011322521400451660e+04
5.016300348520278931e+04
5.020876847887039185e+04
5.027890949773788452e+04
5.030166735887527466e+04
5.042068860721588135e+04
5.056002795648574829e+04
5.057349068713188171e+04
5.059371333646774292e+04
5.068968871569633484e+04
5.072024697041511536e+04
5.082657081198692322e+04
5.087468851113319397e+04
5.094606538677215576e+04
5.104197332477569580e+04
5.108726228857040405e+04
