1.090877056121826172e-01
2.383813858032226562e-01
3.174376487731933594e-01
3.897953033447265625e-01
5.169427394866943359e-01
6.532554626464843750e-01
7.304096221923828125e-01
1.385667800903320312e+00
1.827024459838867188e+00
2.166363239288330078e+00
2.614491701126098633e+00
3.091663360595703125e+00
3.574975728988647461e+00
4.291431188583374023e+00
5.001355409622192383e+00
5.750316858291625977e+00
6.600288629531860352e+00
7.192515134811401367e+00
8.042313814163208008e+00
8.723571062088012695e+00
9.612473964691162109e+00
1.041737437248229980e+01
1.130443930625915527e+01
1.205541610717773438e+01
1.291662669181823730e+01
1.378741145133972168e+01
1.477479028701782227e+01
1.565641188621520996e+01
1.665859627723693848e+01
1.740956068038940430e+01
1.827735471725463867e+01
1.948535299301147461e+01
2.023843812942504883e+01
2.140345025062561035e+01
2.235538506507873535e+01
2.336746788024902344e+01
2.437253904342651367e+01
2.531638789176940918e+01
2.595834803581237793e+01
2.665840578079223633e+01
2.749238443374633789e+01
2.828147435188293457e+01
2.919745182991027832e+01
2.982135844230651855e+01
3.070146799087524414e+01
3.169842576980590820e+01
3.264742660522460938e+01
3.380247378349304199e+01
3.487345194816589355e+01
3.602142715454101562e+01
3.703141784667968750e+01
3.786538982391357422e+01
3.884951949119567871e+01
3.978837561607360840e+01
4.056640553474426270e+01
4.130342030525207520e+01
4.219141745567321777e+01
4.320544767379760742e+01
4.438967204093933105e+01
4.541943502426147461e+01
4.642045211791992188e+01
4.729943752288818359e+01
4.842248368263244629e+01
4.944365954399108887e+01
5.031043767929077148e+01
5.131040143966674805e+01
5.268217658996582031e+01
5.360657405853271484e+01
5.498028755187988281e+01
5.586441946029663086e+01
5.698845314979553223e+01
5.822828936576843262e+01
5.950937891006469727e+01
6.048038053512573242e+01
6.154046106338500977e+01
6.253641319274902344e+01
6.348546767234802246e+01
6.461704373359680176e+01
6.562743711471557617e+01
6.644840192794799805e+01
6.744942712783813477e+01
6.872636365890502930e+01
6.983147025108337402e+01
7.113297271728515625e+01
7.220543670654296875e+01
7.350059485435485840e+01
7.501867222785949707e+01
7.626643538475036621e+01
7.725239491462707520e+01
7.830940914154052734e+01
7.937540388107299805e+01
8.075650787353515625e+01
8.207253813743591309e+01
8.320745682716369629e+01
8.419652342796325684e+01
8.526748061180114746e+01
8.662640380859375000e+01
8.780743074417114258e+01
8.916284561157226562e+01
9.072434329986572266e+01
9.192941641807556152e+01
9.332145690917968750e+01
9.502926087379455566e+01
9.634448170661926270e+01
9.792841649055480957e+01
1.000139689445495605e+02
1.024307341575622559e+02
1.049397616386413574e+02
1.063123919963836670e+02
1.077186496257781982e+02
1.089314227104187012e+02
1.113902356624603271e+02
1.143227467536926270e+02
1.163874876499176025e+02
1.174154427051544189e+02
1.182424440383911133e+02
1.195374057292938232e+02
1.209894595146179199e+02
1.223524558544158936e+02
1.231084160804748535e+02
1.240774207115173340e+02
1.258864638805389404e+02
1.272283005714416504e+02
1.285574915409088135e+02
1.299114530086517334e+02
1.311844894886016846e+02
1.325814030170440674e+02
1.343764295578002930e+02
1.357034652233123779e+02
1.372364125251770020e+02
1.382625048160552979e+02
1.393614377975463867e+02
1.409966435432434082e+02
1.423343904018402100e+02
1.436854860782623291e+02
1.448047261238098145e+02
1.461906566619873047e+02
1.479154949188232422e+02
1.496625461578369141e+02
1.508185269832611084e+02
1.521466667652130127e+02
1.531354539394378662e+02
1.543784730434417725e+02
1.565325179100036621e+02
1.573219642639160156e+02
1.593994400501251221e+02
1.607114703655242920e+02
1.614534509181976318e+02
1.626074738502502441e+02
1.638424587249755859e+02
1.647155592441558838e+02
1.660094485282897949e+02
1.669785280227661133e+02
1.682535979747772217e+02
1.695114684104919434e+02
1.703255050182342529e+02
1.715434603691101074e+02
1.725134663581848145e+02
1.732024900913238525e+02
1.744754576683044434e+02
1.752854800224304199e+02
1.766584765911102295e+02
1.779315888881683350e+02
1.795394084453582764e+02
1.815615015029907227e+02
1.830723960399627686e+02
1.846974442005157471e+02
1.860435450077056885e+02
1.873214557170867920e+02
1.881295106410980225e+02
1.889934613704681396e+02
1.902826175689697266e+02
1.913834824562072754e+02
1.931465094089508057e+02
1.945524988174438477e+02
1.954217469692230225e+02
1.966484737396240234e+02
1.979624903202056885e+02
1.996325368881225586e+02
2.009554653167724609e+02
2.029475135803222656e+02
2.046684839725494385e+02
2.064676003456115723e+02
2.093461422920227051e+02
2.100145351886749268e+02
2.108634366989135742e+02
2.122154588699340820e+02
2.138364870548248291e+02
2.148424880504608154e+02
2.157635290622711182e+02
2.176384634971618652e+02
2.191045544147491455e+02
2.216855032444000244e+02
2.241684970855712891e+02
2.275105643272399902e+02
2.298665101528167725e+02
2.305084810256958008e+02
2.331714799404144287e+02
2.356945519447326660e+02
2.366894891262054443e+02
2.388389434814453125e+02
2.416715576648712158e+02
2.422705016136169434e+02
2.440595691204071045e+02
2.445764923095703125e+02
2.458715097904205322e+02
2.474174916744232178e+02
2.490025024414062500e+02
2.506194832324981689e+02
2.512054250240325928e+02
2.517989010810852051e+02
2.531704504489898682e+02
2.540724968910217285e+02
2.554833943843841553e+02
2.584645438194274902e+02
2.611867003440856934e+02
2.629484674930572510e+02
2.662555346488952637e+02
2.679125053882598877e+02
2.725804588794708252e+02
2.745404541492462158e+02
2.757584705352783203e+02
2.775244557857513428e+02
2.789134912490844727e+02
2.821704988479614258e+02
2.862225852012634277e+02
2.879816479682922363e+02
2.926288118362426758e+02
2.941184048652648926e+02
2.973158838748931885e+02
2.987884047031402588e+02
3.010344860553741455e+02
3.024604780673980713e+02
3.082598915100097656e+02
3.124095625877380371e+02
3.182058439254760742e+02
3.202364716529846191e+02
3.220784609317779541e+02
3.239144337177276611e+02
3.288696174621582031e+02
3.342126317024230957e+02
3.366395447254180908e+02
3.392245097160339355e+02
3.400985093116760254e+02
3.415064957141876221e+02
3.440875694751739502e+02
3.460595290660858154e+02
3.487164859771728516e+02
3.513505685329437256e+02
3.526307494640350342e+02
3.557785112857818604e+02
3.573155295848846436e+02
3.591654813289642334e+02
3.604236059188842773e+02
3.638464283943176270e+02
3.665475893020629883e+02
3.684555630683898926e+02
3.721425085067749023e+02
3.770494976043701172e+02
3.811477701663970947e+02
3.842165923118591309e+02
3.850595989227294922e+02
3.885126109123229980e+02
3.900773522853851318e+02
3.921046099662780762e+02
3.942025647163391113e+02
4.002768661975860596e+02
4.035415635108947754e+02
4.062835838794708252e+02
4.089766016006469727e+02
4.116750855445861816e+02
4.127885677814483643e+02
4.140524911880493164e+02
4.149097285270690918e+02
4.160036139488220215e+02
4.199313592910766602e+02
4.209193680286407471e+02
4.245358147621154785e+02
4.306467256546020508e+02
4.390409171581268311e+02
4.448795335292816162e+02
4.496096229553222656e+02
4.509925887584686279e+02
4.539825265407562256e+02
4.584815988540649414e+02
4.598097035884857178e+02
4.611488654613494873e+02
4.623113772869110107e+02
4.648572208881378174e+02
4.681598627567291260e+02
4.703726341724395752e+02
4.768015012741088867e+02
4.784482209682464600e+02
4.804763267040252686e+02
4.836258111000061035e+02
4.856483190059661865e+02
4.868004784584045410e+02
4.925445647239685059e+02
4.941566915512084961e+02
4.964492840766906738e+02
4.990352663993835449e+02
5.002565133571624756e+02
5.019644610881805420e+02
5.031500711441040039e+02
5.064218590259552002e+02
5.093796176910400391e+02
5.105820178985595703e+02
5.119146158695220947e+02
5.137975599765777588e+02
5.150447473526000977e+02
5.169857771396636963e+02
5.197934288978576660e+02
5.209517579078674316e+02
5.239395482540130615e+02
5.246842298507690430e+02
5.264759991168975830e+02
5.276097238063812256e+02
5.306352856159210205e+02
5.347053873538970947e+02
5.362869849205017090e+02
5.415518636703491211e+02
5.444185564517974854e+02
5.469118447303771973e+02
5.510356063842773438e+02
5.541704859733581543e+02
5.554962472915649414e+02
5.582237179279327393e+02
5.629799251556396484e+02
5.655816700458526611e+02
5.683203883171081543e+02
5.699306628704071045e+02
5.719857687950134277e+02
5.731286277770996094e+02
5.753110711574554443e+02
5.773100631237030029e+02
5.788612372875213623e+02
5.803430871963500977e+02
5.860124433040618896e+02
5.920238838195800781e+02
5.932454066276550293e+02
5.979318277835845947e+02
5.996483845710754395e+02
6.008170762062072754e+02
6.018430743217468262e+02
6.051807544231414795e+02
6.079429416656494141e+02
6.089397027492523193e+02
6.101348173618316650e+02
6.122722008228302002e+02
6.130324478149414062e+02
6.139443638324737549e+02
6.151377785205841064e+02
6.163487498760223389e+02
6.177969529628753662e+02
6.215376851558685303e+02
6.269563207626342773e+02
6.307675480842590332e+02
6.327624468803405762e+02
6.335814876556396484e+02
6.366551330089569092e+02
6.383917639255523682e+02
6.395951409339904785e+02
6.403266832828521729e+02
6.415586578845977783e+02
6.427934231758117676e+02
6.440190119743347168e+02
6.460687706470489502e+02
6.470030527114868164e+02
6.488404674530029297e+02
6.525446207523345947e+02
6.538693375587463379e+02
6.550703856945037842e+02
6.559229085445404053e+02
6.567308566570281982e+02
6.579102976322174072e+02
6.590727102756500244e+02
6.605501604080200195e+02
6.617297315597534180e+02
6.636760149002075195e+02
6.649239633083343506e+02
6.669734106063842773e+02
6.679912664890289307e+02
6.686793382167816162e+02
6.715915567874908447e+02
6.728175971508026123e+02
6.784666550159454346e+02
6.796328272819519043e+02
6.808594942092895508e+02
6.823461289405822754e+02
6.853065686225891113e+02
6.871881046295166016e+02
6.891507720947265625e+02
6.916249861717224121e+02
6.942050085067749023e+02
6.953766989707946777e+02
6.973769965171813965e+02
7.006574947834014893e+02
7.028156366348266602e+02
7.063979768753051758e+02
7.090801327228546143e+02
7.132627043724060059e+02
7.147141664028167725e+02
7.184638552665710449e+02
7.234383430480957031e+02
7.271333475112915039e+02
7.311030912399291992e+02
7.328619406223297119e+02
7.384988834857940674e+02
7.424246459007263184e+02
7.455489363670349121e+02
7.477014009952545166e+02
7.499565165042877197e+02
7.534341609477996826e+02
7.618551673889160156e+02
7.627192254066467285e+02
7.647801465988159180e+02
7.694374895095825195e+02
7.703879268169403076e+02
7.810899329185485840e+02
7.820301446914672852e+02
7.850200033187866211e+02
7.888996760845184326e+02
7.904017975330352783e+02
7.925650861263275146e+02
7.964684357643127441e+02
8.030032358169555664e+02
8.054686527252197266e+02
8.084522738456726074e+02
8.110296926498413086e+02
8.120383036136627197e+02
8.136618468761444092e+02
8.210965240001678467e+02
8.228744571208953857e+02
8.268595471382141113e+02
8.281336939334869385e+02
8.338687343597412109e+02
8.420397579669952393e+02
8.439996445178985596e+02
8.469301540851593018e+02
8.482454926967620850e+02
8.499025368690490723e+02
8.517607069015502930e+02
8.562600114345550537e+02
8.665789544582366943e+02
8.688082704544067383e+02
8.740152814388275146e+02
8.794138762950897217e+02
8.868594031333923340e+02
8.923970150947570801e+02
8.958066051006317139e+02
9.011553623676300049e+02
9.039237830638885498e+02
9.065360393524169922e+02
9.081255505084991455e+02
9.094416747093200684e+02
9.131095783710479736e+02
9.203615603446960449e+02
9.237964572906494141e+02
9.272437956333160400e+02
9.280134935379028320e+02
9.293129608631134033e+02
9.305889961719512939e+02
9.318809978961944580e+02
9.345271568298339844e+02
9.358293156623840332e+02
9.370835533142089844e+02
9.385906498432159424e+02
9.399603605270385742e+02
9.412569432258605957e+02
9.425490765571594238e+02
9.442081220149993896e+02
9.501093828678131104e+02
9.514373993873596191e+02
9.538440568447113037e+02
9.546677606105804443e+02
9.558638017177581787e+02
9.594949657917022705e+02
9.626667127609252930e+02
9.661631476879119873e+02
9.696599020957946777e+02
9.733306341171264648e+02
9.803338494300842285e+02
9.829013533592224121e+02
9.884595315456390381e+02
9.918903946876525879e+02
9.945222129821777344e+02
1.001232491254806519e+03
1.003668865919113159e+03
1.008347842216491699e+03
1.010096357107162476e+03
1.013183294057846069e+03
1.020152154207229614e+03
1.022733603239059448e+03
1.023732621908187866e+03
1.027143979072570801e+03
1.030177449703216553e+03
1.038328274726867676e+03
1.040499820947647095e+03
1.044510690212249756e+03
1.048453193187713623e+03
1.049927596092224121e+03
1.051793026208877563e+03
1.053105940580368042e+03
1.056141246557235718e+03
1.057258769273757935e+03
1.057830958843231201e+03
1.058613604784011841e+03
1.060126089811325073e+03
1.063149979352951050e+03
1.064338011741638184e+03
1.070588746547698975e+03
1.073493311643600464e+03
1.074668086051940918e+03
1.081849133729934692e+03
1.082992542028427124e+03
1.087526887655258179e+03
1.089092145919799805e+03
1.092131444454193115e+03
1.097225601434707642e+03
1.098751671791076660e+03
1.100447604179382324e+03
1.103078730344772339e+03
1.104618508338928223e+03
1.105589020729064941e+03
1.110066253662109375e+03
1.112051277875900269e+03
1.113307133197784424e+03
1.114307288408279419e+03
1.120633303403854370e+03
1.121421973943710327e+03
1.122703495979309082e+03
1.124100805759429932e+03
1.125271943092346191e+03
1.126433591127395630e+03
1.129482511281967163e+03
1.132395035028457642e+03
1.135865270137786865e+03
1.138804851293563843e+03
1.145793602228164673e+03
1.149803196907043457e+03
1.153281846046447754e+03
1.161132143974304199e+03
1.162406802415847778e+03
1.174350352048873901e+03
1.176141796112060547e+03
1.182487892866134644e+03
1.183891657352447510e+03
1.184866657495498657e+03
1.187667799472808838e+03
1.188895008802413940e+03
1.190371841192245483e+03
1.192825868129730225e+03
1.194402501106262207e+03
1.197407807350158691e+03
1.201095182895660400e+03
1.204060219287872314e+03
1.206332899570465088e+03
1.207705686569213867e+03
1.213577520608901978e+03
1.218271215200424194e+03
1.223694858551025391e+03
1.224663525819778442e+03
1.226895809650421143e+03
1.230816422462463379e+03
1.232990053892135620e+03
1.234398041009902954e+03
1.237737210512161255e+03
1.252913056373596191e+03
1.257583113193511963e+03
1.262211940526962280e+03
1.268344576358795166e+03
1.271029286623001099e+03
1.274119289636611938e+03
1.277554903268814087e+03
1.281114810228347778e+03
1.282765604019165039e+03
1.290854797124862671e+03
1.296627235889434814e+03
1.298796781063079834e+03
1.300979812622070312e+03
1.302344729661941528e+03
1.310426522731781006e+03
1.316060068130493164e+03
1.320095460414886475e+03
1.321965404272079468e+03
1.327282430648803711e+03
1.337822061538696289e+03
1.342369963169097900e+03
1.354445893049240112e+03
1.362592974901199341e+03
1.364603243589401245e+03
1.373702482938766479e+03
1.383148424863815308e+03
1.384828366756439209e+03
1.389442472696304321e+03
1.395725523948669434e+03
1.398224301338195801e+03
1.407304360866546631e+03
1.409210331439971924e+03
1.413243933439254761e+03
1.420208523511886597e+03
1.428462097167968750e+03
1.430353979349136353e+03
1.431797840118408203e+03
1.432637938737869263e+03
1.433654873371124268e+03
1.435052046060562134e+03
1.435928238868713379e+03
1.437397169113159180e+03
1.447005961656570435e+03
1.448544675588607788e+03
1.449959970235824585e+03
1.451172380447387695e+03
1.452356839895248413e+03
1.455767388582229614e+03
1.462472511053085327e+03
1.464186007738113403e+03
1.468411754608154297e+03
1.469407390832901001e+03
1.470410011529922485e+03
1.471943278074264526e+03
1.479245430231094360e+03
1.489787637233734131e+03
1.502855548143386841e+03
1.505494077920913696e+03
1.507913451671600342e+03
1.510699416637420654e+03
1.513224271535873413e+03
1.519262129783630371e+03
1.523000359058380127e+03
1.531556730508804321e+03
1.535010585784912109e+03
1.537088381767272949e+03
1.541835370302200317e+03
1.546896326780319214e+03
1.549645233154296875e+03
1.552356757879257202e+03
1.554556968212127686e+03
1.560621423721313477e+03
1.566052644252777100e+03
1.568684281826019287e+03
1.570455163478851318e+03
1.576718375682830811e+03
1.580992504596710205e+03
1.586404029607772827e+03
1.593386875152587891e+03
1.602029723167419434e+03
1.608919018507003784e+03
1.610718186140060425e+03
1.615799047231674194e+03
1.618120197296142578e+03
1.627131121158599854e+03
1.638828531503677368e+03
1.643221434116363525e+03
1.648856411218643188e+03
1.652236402034759521e+03
1.656364012002944946e+03
1.657767574071884155e+03
1.668037374496459961e+03
1.674862034082412720e+03
1.678430888414382935e+03
1.681579643726348877e+03
1.691884168624877930e+03
1.697058478593826294e+03
1.701743361234664917e+03
1.707125867128372192e+03
1.710807168006896973e+03
1.713149614572525024e+03
1.717097557544708252e+03
1.721246529817581177e+03
1.730518996715545654e+03
1.733511613845825195e+03
1.741977441787719727e+03
1.747546491861343384e+03
1.754197613477706909e+03
1.763170631647109985e+03
1.766196330785751343e+03
1.769949330091476440e+03
1.772734595060348511e+03
1.781656534671783447e+03
1.785290182113647461e+03
1.786810015439987183e+03
1.790545563936233521e+03
1.811975584030151367e+03
1.815792217493057251e+03
1.819310255527496338e+03
1.823451795101165771e+03
1.831516637563705444e+03
1.838232249021530151e+03
1.841667723417282104e+03
1.847663018465042114e+03
1.857015573263168335e+03
1.868445433616638184e+03
1.875633536815643311e+03
1.881016087293624878e+03
1.887646474599838257e+03
1.898835884809494019e+03
1.900292262315750122e+03
1.913536490201950073e+03
1.915266493082046509e+03
1.922540327787399292e+03
1.939794590234756470e+03
1.941819644451141357e+03
1.944059665203094482e+03
1.947394613265991211e+03
1.949557093143463135e+03
1.960751770496368408e+03
1.964626585006713867e+03
1.966781575679779053e+03
1.968917952299118042e+03
1.971071439027786255e+03
1.978300417184829712e+03
1.993056694746017456e+03
1.997928457260131836e+03
2.003682617664337158e+03
2.008667619228363037e+03
2.013225592851638794e+03
2.017536741018295288e+03
2.021743441581726074e+03
2.027180506467819214e+03
2.037048626899719238e+03
2.039668592929840088e+03
2.054536623716354370e+03
2.068839577198028564e+03
2.071019698858261108e+03
2.079328608751296997e+03
2.081988545894622803e+03
2.089495589971542358e+03
2.091419651508331299e+03
2.093253573656082153e+03
2.096614617586135864e+03
2.100819549083709717e+03
2.114443577766418457e+03
2.121637508153915405e+03
2.128977358579635620e+03
2.135429563522338867e+03
2.139210197210311890e+03
2.154867596626281738e+03
2.172024203062057495e+03
2.173907529354095459e+03
2.176347507953643799e+03
2.183405597686767578e+03
2.187612507581710815e+03
2.189319759130477905e+03
2.195062616586685181e+03
2.203634603261947632e+03
2.206313770532608032e+03
2.209221633195877075e+03
2.211142487049102783e+03
2.213326733112335205e+03
2.216450449705123901e+03
2.227452604532241821e+03
2.229355484485626221e+03
2.231858595371246338e+03
2.234502540826797485e+03
2.237373354673385620e+03
2.251159632205963135e+03
2.252989718675613403e+03
2.258146662950515747e+03
2.264861368894577026e+03
2.268338425397872925e+03
2.271153584241867065e+03
2.285040564298629761e+03
2.288121619701385498e+03
2.294720024108886719e+03
2.300670658349990845e+03
2.312570679426193237e+03
2.317224571466445923e+03
2.319564538478851318e+03
2.321430522680282593e+03
2.324442541360855103e+03
2.327333534955978394e+03
2.330193296194076538e+03
2.336848542690277100e+03
2.338456433773040771e+03
2.341626315593719482e+03
2.345501411914825439e+03
2.348923593282699585e+03
2.367149345159530640e+03
2.369338546276092529e+03
2.372204563379287720e+03
2.375327563762664795e+03
2.380241885662078857e+03
2.396642767429351807e+03
2.399684661626815796e+03
2.408670458078384399e+03
2.420738695859909058e+03
2.429099497079849243e+03
2.435565629720687866e+03
2.440370983123779297e+03
2.443497542381286621e+03
2.447498619794845581e+03
2.463105713129043579e+03
2.482902667045593262e+03
2.490283533334732056e+03
2.494244728326797485e+03
2.496154479265213013e+03
2.523089555740356445e+03
2.539553471088409424e+03
2.547594714879989624e+03
2.551412691593170166e+03
2.563786631822586060e+03
2.586556522369384766e+03
2.604839762687683105e+03
2.610859622240066528e+03
2.621417899608612061e+03
2.632907643556594849e+03
2.635028398990631104e+03
2.639469612121582031e+03
2.641850489616394043e+03
2.645474529266357422e+03
2.649133474588394165e+03
2.669726629734039307e+03
2.675076617956161499e+03
2.678895543575286865e+03
2.682538267374038696e+03
2.697028644084930420e+03
2.714030532360076904e+03
2.723850410461425781e+03
2.726968449831008911e+03
2.731230687618255615e+03
2.736813818693161011e+03
2.741321635246276855e+03
2.746960585117340088e+03
2.749468591451644897e+03
2.752884578704833984e+03
2.757811564922332764e+03
2.761738545894622803e+03
2.764750299215316772e+03
2.767584786176681519e+03
2.771387538433074951e+03
2.775887580156326294e+03
2.780852485656738281e+03
2.786370532989501953e+03
2.797868433952331543e+03
2.808391597747802734e+03
2.823094385385513306e+03
2.827248571634292603e+03
2.845678666114807129e+03
2.851444631576538086e+03
2.860838554859161377e+03
2.865705865144729614e+03
2.872642639636993408e+03
2.880771538972854614e+03
2.888701623439788818e+03
2.899933783292770386e+03
2.902021494388580322e+03
2.918319626569747925e+03
2.930835662364959717e+03
2.937917765140533447e+03
2.943171426534652710e+03
2.956591747283935547e+03
2.977201828479766846e+03
2.979355484962463379e+03
2.985273593664169312e+03
2.989219596385955811e+03
3.001965530157089233e+03
3.020025651693344116e+03
3.022344475984573364e+03
3.025379293680191040e+03
3.037428626298904419e+03
3.039608517169952393e+03
3.044802613735198975e+03
3.067247404336929321e+03
3.070851544857025146e+03
3.080805658578872681e+03
3.090116974353790283e+03
3.107120189428329468e+03
3.126284956932067871e+03
3.134011610031127930e+03
3.143563513994216919e+03
3.146666562080383301e+03
3.152892599344253540e+03
3.163299567937850952e+03
3.169522601127624512e+03
3.179299583196640015e+03
3.197406713008880615e+03
3.204896589756011963e+03
3.215056676149368286e+03
3.228835568189620972e+03
3.232361423730850220e+03
3.244024325132369995e+03
3.266103695392608643e+03
3.273754423141479492e+03
3.282142330884933472e+03
3.295784598112106323e+03
3.299822532653808594e+03
3.318221645116806030e+03
3.326554634809494019e+03
3.336312722921371460e+03
3.341046586990356445e+03
3.355518628358840942e+03
3.371628372192382812e+03
3.394084590673446655e+03
3.401032651901245117e+03
3.403356411457061768e+03
3.417570813655853271e+03
3.420756514549255371e+03
3.439599575996398926e+03
3.447039486885070801e+03
3.461046649694442749e+03
3.468378567695617676e+03
3.470571432828903198e+03
3.476459616422653198e+03
3.479417734146118164e+03
3.490159671068191528e+03
3.492473070859909058e+03
3.500189401865005493e+03
3.519405661344528198e+03
3.525159560203552246e+03
3.536326604604721069e+03
3.548664447069168091e+03
3.558079565525054932e+03
3.564938529491424561e+03
3.570945633411407471e+03
3.580959364652633667e+03
3.596369428157806396e+03
3.615263746261596680e+03
3.621366630792617798e+03
3.627198555469512939e+03
3.636855030059814453e+03
3.649792614936828613e+03
3.664287700653076172e+03
3.682835829973220825e+03
3.689112802028656006e+03
3.700247816801071167e+03
3.705327667951583862e+03
3.709126274824142456e+03
3.728778155803680420e+03
3.733191126108169556e+03
3.745503539323806763e+03
3.758175505876541138e+03
3.774085753202438354e+03
3.783918597698211670e+03
3.790628593921661377e+03
3.792620517730712891e+03
3.805346674919128418e+03
3.807351523160934448e+03
3.827550400018692017e+03
3.832470612287521362e+03
3.834135148286819458e+03
3.836302730798721313e+03
3.843608173131942749e+03
3.845910231113433838e+03
3.847776329755783081e+03
3.849611665964126587e+03
3.852068220853805542e+03
3.854250338792800903e+03
3.859957021713256836e+03
3.862201253890991211e+03
3.874264721632003784e+03
3.887878660202026367e+03
3.892040564775466919e+03
3.898612672090530396e+03
3.900670597076416016e+03
3.903830582380294800e+03
3.907572498083114624e+03
3.912844414472579956e+03
3.927991763114929199e+03
3.934410994291305542e+03
3.943354640483856201e+03
3.955361630678176880e+03
3.959233640193939209e+03
3.972841461181640625e+03
3.976305542230606079e+03
3.979055558919906616e+03
3.982408587932586670e+03
3.995035540580749512e+03
4.010739673376083374e+03
4.014879531145095825e+03
4.019370467662811279e+03
4.031814736604690552e+03
4.037924465179443359e+03
4.044431512117385864e+03
4.052497474908828735e+03
4.057715350627899170e+03
4.062000822067260742e+03
4.083764455080032349e+03
4.089443627119064331e+03
4.096580128908157349e+03
4.110694675207138062e+03
4.116087617158889771e+03
4.120976197481155396e+03
4.128979408740997314e+03
4.131716559648513794e+03
4.141782660007476807e+03
4.147952597141265869e+03
4.166706721544265747e+03
4.172685625314712524e+03
4.179474329233169556e+03
4.189833888292312622e+03
4.194014684438705444e+03
4.196168613910675049e+03
4.199254559040069580e+03
4.206662562370300293e+03
4.216750799655914307e+03
4.233349804878234863e+03
4.251229586839675903e+03
4.269685543537139893e+03
4.272156576395034790e+03
4.277331479549407959e+03
4.292467606067657471e+03
4.299641700744628906e+03
4.306860567569732666e+03
4.314692507743835449e+03
4.326264530181884766e+03
4.328785215139389038e+03
4.334836633205413818e+03
4.363696580648422241e+03
4.370205497503280640e+03
4.384952636718750000e+03
4.389321684598922729e+03
4.393719620943069458e+03
4.395145963430404663e+03
4.396783588171005249e+03
4.405059615373611450e+03
4.407804377079010010e+03
4.426815598964691162e+03
4.432318853139877319e+03
4.438678579568862915e+03
4.450402665853500366e+03
4.469245938777923584e+03
4.471458486795425415e+03
4.473420254945755005e+03
4.480873280763626099e+03
4.491997642040252686e+03
4.496702513933181763e+03
4.516106543540954590e+03
4.519576005697250366e+03
4.525244811058044434e+03
4.537908529996871948e+03
4.551305385589599609e+03
4.558236647129058838e+03
4.576758753061294556e+03
4.588167327165603638e+03
4.602306639909744263e+03
4.616458249092102051e+03
4.638146555185317993e+03
4.646329716920852661e+03
4.657976113080978394e+03
4.699151596069335938e+03
4.711260526657104492e+03
4.716884530782699585e+03
4.739329508781433105e+03
4.745639577627182007e+03
4.747730530023574829e+03
4.765590512037277222e+03
4.786778843879699707e+03
4.811826614856719971e+03
4.818645688533782959e+03
4.831107673645019531e+03
4.849179495096206665e+03
4.857607952356338501e+03
4.862069195270538330e+03
4.869721532583236694e+03
4.886108657360076904e+03
4.904042612075805664e+03
4.922177975177764893e+03
4.927566663742065430e+03
4.933675619602203369e+03
4.949522360324859619e+03
4.970519681930541992e+03
4.976013703346252441e+03
5.007848645687103271e+03
5.010879536867141724e+03
5.027869686841964722e+03
5.030042500019073486e+03
5.055416819334030151e+03
5.062071735143661499e+03
5.069419762134552002e+03
5.090999743461608887e+03
5.093196405887603760e+03
5.102571632146835327e+03
5.110071583747863770e+03
5.117753844022750854e+03
5.130279585123062134e+03
5.154485509634017944e+03
5.169351614952087402e+03
5.186825666904449463e+03
5.204025300741195679e+03
5.223423711776733398e+03
5.232935139656066895e+03
5.247784320116043091e+03
5.265086563110351562e+03
5.271219587326049805e+03
5.288569636344909668e+03
5.293239909887313843e+03
5.299264770269393921e+03
5.318105025053024292e+03
5.324794034481048584e+03
5.341936639070510864e+03
5.346774669647216797e+03
5.374013368129730225e+03
5.389206428050994873e+03
5.400120324611663818e+03
5.413073536396026611e+03
5.434780574560165405e+03
5.437926577329635620e+03
5.456606319904327393e+03
5.459010111093521118e+03
5.485971668958663940e+03
5.500868681192398071e+03
5.508679910659790039e+03
5.538197429180145264e+03
5.545236575126647949e+03
5.556593636274337769e+03
5.558874815464019775e+03
5.566671304941177368e+03
5.595487533330917358e+03
5.604527729749679565e+03
5.615929634809494019e+03
5.621751600503921509e+03
5.647959551811218262e+03
5.654042550325393677e+03
5.666813613176345825e+03
5.677807654619216919e+03
5.700406729936599731e+03
5.721305613994598389e+03
5.727923776388168335e+03
5.738566597938537598e+03
5.750018662691116333e+03
5.770606806755065918e+03
5.773153399705886841e+03
5.778874612331390381e+03
5.781198565244674683e+03
5.797139590501785278e+03
5.835051771402359009e+03
5.850717957735061646e+03
5.881991676807403564e+03
5.884461182117462158e+03
5.888211796522140503e+03
5.909825559139251709e+03
5.917539699077606201e+03
5.928372629165649414e+03
5.940265786886215210e+03
5.954211491823196411e+03
5.974248612403869629e+03
6.002081684350967407e+03
6.035728410243988037e+03
6.049297649383544922e+03
6.069139719724655151e+03
6.075245329618453979e+03
6.110794584274291992e+03
6.137315651893615723e+03
6.144767812013626099e+03
6.148950370550155640e+03
6.166478320598602295e+03
6.190885547637939453e+03
6.223086612462997437e+03
6.231372593164443970e+03
6.248656349658966064e+03
6.275496628046035767e+03
6.298023794651031494e+03
6.308696636199951172e+03
6.317500385046005249e+03
6.333090584039688110e+03
6.354099553346633911e+03
6.366365684986114502e+03
6.402278620243072510e+03
6.415978675127029419e+03
6.435849553823471069e+03
6.455860745191574097e+03
6.459323541641235352e+03
6.487731236457824707e+03
6.501800554275512695e+03
6.514732883930206299e+03
6.531856713533401489e+03
6.539012572765350342e+03
6.546409640312194824e+03
6.560644686937332153e+03
6.563271565437316895e+03
6.570123660326004028e+03
6.595814688444137573e+03
6.600934611797332764e+03
6.608605577707290649e+03
6.612941603422164917e+03
6.641496677637100220e+03
6.665658704996109009e+03
6.672702733755111694e+03
6.675283327102661133e+03
6.692438633441925049e+03
6.708144678831100464e+03
6.717030586242675781e+03
6.723397584438323975e+03
6.735154551029205322e+03
6.746570729732513428e+03
6.808814900636672974e+03
6.816422122716903687e+03
6.854355121374130249e+03
6.864877639770507812e+03
6.881534252166748047e+03
6.918296135425567627e+03
6.968689386367797852e+03
6.976558102846145630e+03
6.985449283123016357e+03
7.002830646038055420e+03
7.007343855142593384e+03
7.011269546985626221e+03
7.030348483085632324e+03
7.038192335844039917e+03
7.065518472194671631e+03
7.069635188341140747e+03
7.090021732330322266e+03
7.125964270353317261e+03
7.132648902177810669e+03
7.166540429592132568e+03
7.191815642833709717e+03
7.211261385917663574e+03
7.219156588077545166e+03
7.236818344354629517e+03
7.251695471286773682e+03
7.273973352670669556e+03
7.297164707183837891e+03
7.330035573005676270e+03
7.332284261226654053e+03
7.376403572559356689e+03
7.396486543893814087e+03
7.427144515037536621e+03
7.455979701042175293e+03
7.472450568437576294e+03
7.502920285224914551e+03
7.528576845884323120e+03
7.556332744598388672e+03
7.579632834434509277e+03
7.598840425968170166e+03
7.614526043415069580e+03
7.630968385696411133e+03
7.652348644971847534e+03
7.657973295927047729e+03
7.677039496421813965e+03
7.690536693572998047e+03
7.693698451042175293e+03
7.732113559484481812e+03
7.736998521327972412e+03
7.745135650873184204e+03
7.749219515562057495e+03
7.753762363433837891e+03
7.760446380615234375e+03
7.795238621234893799e+03
7.802391694307327271e+03
7.827792672395706177e+03
7.841373751401901245e+03
7.860320332765579224e+03
7.886617986917495728e+03
7.894444812297821045e+03
7.936879257202148438e+03
7.942100288391113281e+03
7.977394967079162598e+03
8.012835456132888794e+03
8.015733464479446411e+03
8.027315424680709839e+03
8.042783600091934204e+03
8.046647333145141602e+03
8.067803459167480469e+03
8.078096919059753418e+03
8.089043144226074219e+03
8.108817797183990479e+03
8.160442621707916260e+03
8.241651171207427979e+03
8.260338407516479492e+03
8.309539359092712402e+03
8.314975291967391968e+03
8.317470535278320312e+03
8.351645698785781860e+03
8.362974520921707153e+03
8.379551801204681396e+03
8.396832237958908081e+03
8.422460666418075562e+03
8.455735921382904053e+03
8.463500499725341797e+03
8.466411252260208130e+03
8.473849835872650146e+03
8.502495887756347656e+03
8.509964807271957397e+03
8.518686033010482788e+03
8.533300860881805420e+03
8.576032898426055908e+03
8.583450972795486450e+03
8.585601406335830688e+03
8.595254436492919922e+03
8.614471935987472534e+03
8.639243030309677124e+03
8.657283549070358276e+03
8.677776174545288086e+03
8.695165495157241821e+03
8.707723796606063843e+03
8.733366587877273560e+03
8.766462174177169800e+03
8.770851555109024048e+03
8.782230805873870850e+03
8.789378983259201050e+03
8.795254649877548218e+03
8.798115439414978027e+03
8.801304367065429688e+03
8.813088141202926636e+03
8.816413448333740234e+03
8.836045529603958130e+03
8.873205707073211670e+03
8.956187793970108032e+03
8.959280527830123901e+03
8.980781508922576904e+03
9.022365944862365723e+03
9.044246552705764771e+03
9.090465653181076050e+03
9.107225817918777466e+03
9.110522112846374512e+03
9.117217494964599609e+03
9.197244775295257568e+03
9.237089679479598999e+03
9.241055106878280640e+03
9.253288465023040771e+03
9.270497614383697510e+03
9.322858179092407227e+03
9.350412712812423706e+03
9.385713429212570190e+03
9.388683576822280884e+03
9.417474734544754028e+03
9.451301904439926147e+03
9.457635351657867432e+03
9.472689634799957275e+03
9.475551636695861816e+03
9.478530320405960083e+03
9.516347232818603516e+03
9.556955490827560425e+03
9.559320000171661377e+03
9.563528272390365601e+03
9.638702032089233398e+03
9.657877125024795532e+03
9.660012228727340698e+03
9.662189021825790405e+03
9.664924562454223633e+03
9.706437041997909546e+03
9.709205995798110962e+03
9.746033702373504639e+03
9.748371612548828125e+03
9.778608471155166626e+03
9.781489794731140137e+03
9.815484786510467529e+03
9.826936642885208130e+03
9.861713736057281494e+03
9.864445106506347656e+03
9.891873383522033691e+03
9.914091516017913818e+03
9.952328790664672852e+03
9.961098226785659790e+03
9.980351135015487671e+03
1.002152619171142578e+04
1.005518375277519226e+04
1.008032780528068542e+04
1.008867525291442871e+04
1.010111394286155701e+04
1.015290043234825134e+04
1.015589335227012634e+04
1.017852953195571899e+04
1.018175161719322205e+04
1.020298685145378113e+04
1.021873104000091553e+04
1.022299543356895447e+04
1.023150729441642761e+04
1.024687675952911377e+04
1.025182043337821960e+04
1.026828640460968018e+04
1.027357268476486206e+04
1.030205767941474915e+04
1.030545766592025757e+04
1.031969965219497681e+04
1.033651458954811096e+04
1.036081501436233521e+04
1.040035041356086731e+04
1.041500705981254578e+04
1.042785973310470581e+04
1.044546336817741394e+04
1.046519405674934387e+04
1.049180697369575500e+04
1.049327727484703064e+04
1.050497537064552307e+04
1.052400463247299194e+04
1.054462941193580627e+04
1.057079129743576050e+04
1.057382514047622681e+04
1.058973005151748657e+04
1.060665182566642761e+04
1.062552958512306213e+04
1.067442501354217529e+04
1.068205675268173218e+04
1.070179374456405640e+04
1.070874786210060120e+04
1.074281884527206421e+04
1.076972453904151917e+04
1.077991395020484924e+04
1.079428714942932129e+04
1.081302896428108215e+04
1.084818018746376038e+04
1.085703766369819641e+04
1.086583362269401550e+04
1.088019551396369934e+04
1.088680480980873108e+04
1.089951068401336670e+04
1.094354359889030457e+04
1.095294397473335266e+04
1.096720195484161377e+04
1.097155051732063293e+04
1.100944418621063232e+04
1.105356379628181458e+04
1.105789535975456238e+04
1.106521260857582092e+04
1.109379883885383606e+04
1.111466652369499207e+04
1.113897478246688843e+04
1.115504901003837585e+04
1.115771122694015503e+04
1.116068282341957092e+04
1.122687138748168945e+04
1.124144498205184937e+04
1.124980042147636414e+04
1.128366203951835632e+04
1.129209064984321594e+04
1.131189784550666809e+04
1.135718821978569031e+04
1.136651201987266541e+04
1.139993356275558472e+04
1.147384760403633118e+04
1.149815077400207520e+04
1.154479998898506165e+04
1.155600395298004150e+04
1.158194077515602112e+04
1.158951661753654480e+04
1.162713175797462463e+04
1.163524947643280029e+04
1.163985232090950012e+04
1.165160037612915039e+04
1.165836879253387451e+04
1.167870357465744019e+04
1.169092290282249451e+04
1.170574305343627930e+04
1.175556530213356018e+04
1.177252638554573059e+04
1.182295664644241333e+04
1.184609988307952881e+04
1.185533117985725403e+04
1.189611241626739502e+04
1.192431620335578918e+04
1.194454664993286133e+04
1.196956541275978088e+04
1.200760550928115845e+04
1.206405925774574280e+04
1.210782153654098511e+04
1.220236550092697144e+04
1.224487436842918396e+04
1.226039765477180481e+04
1.228669047069549561e+04
1.230457570409774780e+04
1.233055265688896179e+04
1.235501221537590027e+04
1.238947925186157227e+04
1.240968249249458313e+04
1.242756286001205444e+04
1.244991607451438904e+04
1.245256766676902771e+04
1.246242269515991211e+04
1.252022180414199829e+04
1.259210864424705505e+04
1.262893166875839233e+04
1.275028428149223328e+04
1.276036286711692810e+04
1.281749257111549377e+04
1.283525725769996643e+04
1.285997082519531250e+04
1.288631104278564453e+04
1.290274653148651123e+04
1.294660057330131531e+04
1.302574002742767334e+04
1.306813760280609131e+04
1.309672001099586487e+04
1.313788630986213684e+04
1.317886801719665527e+04
1.323917512559890747e+04
1.331065884470939636e+04
1.335295322251319885e+04
1.338353152179718018e+04
1.341117672157287598e+04
1.341377413010597229e+04
1.345294711470603943e+04
1.346146705770492554e+04
1.347785079979896545e+04
1.353746277689933777e+04
1.359265808176994324e+04
1.363648887276649475e+04
1.368346899890899658e+04
1.369159719562530518e+04
1.375235343956947327e+04
1.378578888893127441e+04
1.382165401911735535e+04
1.387108073925971985e+04
1.390283147859573364e+04
1.396326477265357971e+04
1.404718110752105713e+04
1.408977167296409607e+04
1.413551607918739319e+04
1.414054494857788086e+04
1.420043151974678040e+04
1.428384205603599548e+04
1.432266438746452332e+04
1.436756190204620361e+04
1.437319415140151978e+04
1.438056793689727783e+04
1.441394873189926147e+04
1.443661502385139465e+04
1.443979833054542542e+04
1.444968495154380798e+04
1.450744293403625488e+04
1.459024436306953430e+04
1.463176303863525391e+04
1.466244699096679688e+04
1.467952434206008911e+04
1.472237870693206787e+04
1.474161593413352966e+04
1.474768652582168579e+04
1.484215655279159546e+04
1.487370707106590271e+04
1.491083876585960388e+04
1.494558662962913513e+04
1.502118981981277466e+04
1.507048788905143738e+04
1.507643048977851868e+04
1.508174433898925781e+04
1.513948684835433960e+04
1.514448536777496338e+04
1.519519722270965576e+04
1.522815579533576965e+04
1.525159568691253662e+04
1.529885140728950500e+04
1.533795088362693787e+04
1.538502133560180664e+04
1.542364246559143066e+04
1.544877808475494385e+04
1.549777971553802490e+04
1.552340633058547974e+04
1.557499553155899048e+04
1.558398051381111145e+04
1.564856349086761475e+04
1.565280430555343628e+04
1.566166821265220642e+04
1.568883965468406677e+04
1.569313389945030212e+04
1.575728551626205444e+04
1.577729552412033081e+04
1.585313119077682495e+04
1.590555056405067444e+04
1.591459685349464417e+04
1.593053542160987854e+04
1.596354237365722656e+04
1.600345618891716003e+04
1.605448509907722473e+04
1.607833221316337585e+04
1.609654406571388245e+04
1.618173346567153931e+04
1.622851445698738098e+04
1.623850327157974243e+04
1.625066306138038635e+04
1.627672242450714111e+04
1.631223315954208374e+04
1.639361956644058228e+04
1.652540402054786682e+04
1.655756804418563843e+04
1.656127683925628662e+04
1.662383601355552673e+04
1.665068871402740479e+04
1.678239360165596008e+04
1.679197256541252136e+04
1.686050735306739807e+04
1.692484401178359985e+04
1.703268955349922180e+04
1.706668059039115906e+04
1.707492319798469543e+04
1.713914894914627075e+04
1.714790210533142090e+04
1.718634232354164124e+04
1.721441218256950378e+04
1.722539565038681030e+04
1.724184459400177002e+04
1.729316956186294556e+04
1.735760190081596375e+04
1.736551129412651062e+04
1.740569423747062683e+04
1.746924338364601135e+04
1.750243523931503296e+04
1.752823636651039124e+04
1.755926420331001282e+04
1.756317938613891602e+04
1.757939606285095215e+04
1.766267962598800659e+04
1.768895755934715271e+04
1.771708103132247925e+04
1.772741114425659180e+04
1.776287474179267883e+04
1.778415722155570984e+04
1.784904318451881409e+04
1.788126197385787964e+04
1.789300556278228760e+04
1.793107027173042297e+04
1.793344275641441345e+04
1.795752643799781799e+04
1.803299706244468689e+04
1.804692274427413940e+04
1.811153831338882446e+04
1.813467284107208252e+04
1.813908978033065796e+04
1.817213847422599792e+04
1.819985269522666931e+04
1.821743053531646729e+04
1.823899836802482605e+04
1.832061999320983887e+04
1.832413317704200745e+04
1.836941017174720764e+04
1.838687015223503113e+04
1.839220259141921997e+04
1.843825024294853210e+04
1.849238305163383484e+04
1.850439883828163147e+04
1.857144632267951965e+04
1.866247187161445618e+04
1.877693046760559082e+04
1.882586756896972656e+04
1.884626970815658569e+04
1.887474190020561218e+04
1.891326632905006409e+04
1.895896638536453247e+04
1.905902338504791260e+04
1.906908625841140747e+04
1.909862137341499329e+04
1.916655740690231323e+04
1.917313855481147766e+04
1.917687673401832581e+04
1.922277766036987305e+04
1.929194164085388184e+04
1.932723804712295532e+04
1.941319443321228027e+04
1.946488687086105347e+04
1.947680586123466492e+04
1.952905283236503601e+04
1.956429934501647949e+04
1.956766404891014099e+04
1.962234102654457092e+04
1.963553140902519226e+04
1.964321487545967102e+04
1.968162626838684082e+04
1.979561577367782593e+04
1.984694104957580566e+04
1.989317848515510559e+04
1.994682442641258240e+04
1.995017468786239624e+04
1.997611772155761719e+04
2.007377717471122742e+04
2.011225936985015869e+04
2.018313716006278992e+04
2.022476565814018250e+04
2.030823332810401917e+04
2.034258426856994629e+04
2.036106125617027283e+04
2.038917858314514160e+04
2.041184051942825317e+04
2.049503995800018311e+04
2.050285229468345642e+04
2.052339872336387634e+04
2.055129901576042175e+04
2.062083604478836060e+04
2.066773809647560120e+04
2.074620407676696777e+04
2.078435137128829956e+04
2.084584731650352478e+04
2.091430001068115234e+04
2.096306817102432251e+04
2.096548700499534607e+04
2.099442230558395386e+04
2.103641978359222412e+04
2.110211583566665649e+04
2.112777905392646790e+04
2.118305269885063171e+04
2.119028436946868896e+04
2.124261653470993042e+04
2.134060427522659302e+04
2.146074271607398987e+04
2.149461216759681702e+04
2.149687278771400452e+04
2.156862452006340027e+04
2.163659688377380371e+04
2.167856993746757507e+04
2.172886652994155884e+04
2.174930522966384888e+04
2.180113129138946533e+04
2.189864908456802368e+04
2.194607106590270996e+04
2.200396137309074402e+04
2.203085554456710815e+04
2.205948128581047058e+04
2.209624144530296326e+04
2.221527043676376343e+04
2.221902195572853088e+04
2.224693780589103699e+04
2.227595502734184265e+04
2.231159565615653992e+04
2.239628936100006104e+04
2.245474656343460083e+04
2.247466876649856567e+04
2.248002266693115234e+04
2.248345011138916016e+04
2.252800309419631958e+04
2.258385571551322937e+04
2.263299164867401123e+04
2.269806688046455383e+04
2.279568701314926147e+04
2.279886466288566589e+04
2.280302084732055664e+04
2.283026235699653625e+04
2.286072277784347534e+04
2.295755620145797729e+04
2.307892388916015625e+04
2.322654549527168274e+04
2.323916443896293640e+04
2.331313641309738159e+04
2.338182565665245056e+04
2.347209135842323303e+04
2.353192374467849731e+04
2.354389607191085815e+04
2.358803175330162048e+04
2.362797820115089417e+04
2.371402835750579834e+04
2.377397763466835022e+04
2.378786408853530884e+04
2.384525968313217163e+04
2.384880377388000488e+04
2.397300974178314209e+04
2.403114642786979675e+04
2.405265857124328613e+04
2.412532716274261475e+04
2.419976752257347107e+04
2.424599864459037781e+04
2.430401989817619324e+04
2.432412755846977234e+04
2.437715368676185608e+04
2.441832149195671082e+04
2.442463313651084900e+04
2.448191254806518555e+04
2.451862453722953796e+04
2.459379711031913757e+04
2.463173687410354614e+04
2.475742930006980896e+04
2.481296796202659607e+04
2.483393239855766296e+04
2.486514416027069092e+04
2.496663040018081665e+04
2.501734349560737610e+04
2.506869425702095032e+04
2.507281365180015564e+04
2.514680240797996521e+04
2.514947951531410217e+04
2.527519091653823853e+04
2.527909410023689270e+04
2.532834668874740601e+04
2.534609554314613342e+04
2.535003195595741272e+04
2.539836231040954590e+04
2.545609663724899292e+04
2.546126234579086304e+04
2.548240731191635132e+04
2.555757504296302795e+04
2.561116157507896423e+04
2.566578045558929443e+04
2.570378543233871460e+04
2.576054316163063049e+04
2.580319936180114746e+04
2.585257078456878662e+04
2.590822848486900330e+04
2.593772283220291138e+04
2.597052088260650635e+04
2.601005938982963562e+04
2.605466414690017700e+04
2.606368598127365112e+04
2.609594922304153442e+04
2.617206519436836243e+04
2.624381094527244568e+04
2.629328821730613708e+04
2.634908823728561401e+04
2.637031476378440857e+04
2.640089672517776489e+04
2.650198404741287231e+04
2.662877882027626038e+04
2.668805673480033875e+04
2.674041064119338989e+04
2.681680177688598633e+04
2.683979085016250610e+04
2.693491371440887451e+04
2.699587283682823181e+04
2.704752674150466919e+04
2.712559997463226318e+04
2.719873724961280823e+04
2.725241777062416077e+04
2.740560258412361145e+04
2.745767728209495544e+04
2.753511445426940918e+04
2.760832335114479065e+04
2.765869095206260681e+04
2.769272129678726196e+04
2.774434276771545410e+04
2.782253872227668762e+04
2.792774716925621033e+04
2.798260434031486511e+04
2.813913260197639465e+04
2.817925918006896973e+04
2.825501025795936584e+04
2.829735109901428223e+04
2.842702292466163635e+04
2.846404072546958923e+04
2.846854433441162109e+04
2.854652755784988403e+04
2.865402710080146790e+04
2.878503595519065857e+04
2.881808234953880310e+04
2.885747270965576172e+04
2.886250114393234253e+04
2.894251248240470886e+04
2.899134042525291443e+04
2.910024923968315125e+04
2.915385048890113831e+04
2.915760997891426086e+04
2.925172709488868713e+04
2.930313298940658569e+04
2.936558142256736755e+04
2.941852005195617676e+04
2.949911446499824524e+04
2.954115349149703979e+04
2.957302073979377747e+04
2.963858700013160706e+04
2.969092227745056152e+04
2.976986236763000488e+04
2.981378950691223145e+04
2.994755515313148499e+04
3.001387532091140747e+04
3.001713991260528564e+04
3.004898034000396729e+04
3.015646130228042603e+04
3.029332576274871826e+04
3.033094565105438232e+04
3.034354680204391479e+04
3.042318744206428528e+04
3.052966767501831055e+04
3.055768668913841248e+04
3.061829438686370850e+04
3.062998394989967346e+04
3.071234349656105042e+04
3.075878674077987671e+04
3.087750935840606689e+04
3.091118939995765686e+04
3.096466760897636414e+04
3.098664835643768311e+04
3.102930227780342102e+04
3.107811943817138672e+04
3.113875952100753784e+04
3.115146454882621765e+04
3.122977620291709900e+04
3.125919875025749207e+04
3.129487006402015686e+04
3.133613459205627441e+04
3.135802176785469055e+04
3.143269444298744202e+04
3.147420676088333130e+04
3.161091807985305786e+04
3.164643474125862122e+04
3.170140669488906860e+04
3.176193727755546570e+04
3.180538051533699036e+04
3.185662880873680115e+04
3.189108555722236633e+04
3.190437670636177063e+04
3.198408959937095642e+04
3.203048282742500305e+04
3.208358556914329529e+04
3.214736471462249756e+04
3.218607210779190063e+04
3.226844897341728210e+04
3.237597718286514282e+04
3.243025196242332458e+04
3.248973193407058716e+04
3.253175751924514771e+04
3.256350679993629456e+04
3.263981881451606750e+04
3.277383433341979980e+04
3.278596755766868591e+04
3.284003592181205750e+04
3.289511491608619690e+04
3.293236751937866211e+04
3.303187872385978699e+04
3.319448319005966187e+04
3.323481843996047974e+04
3.326676684474945068e+04
3.334474866461753845e+04
3.334865272808074951e+04
3.336030205392837524e+04
3.338337279176712036e+04
3.340263213491439819e+04
3.351248772621154785e+04
3.356549566149711609e+04
