2.241814136414579934e+02
1.510848964280650648e+02
1.521808680871246224e+02
1.205686960285162570e+02
1.957999314063267207e+02
2.100109479324977997e+02
1.368312386999331238e+02
1.219335130183526132e+02
1.361834395299817402e+02
1.506822524437774575e+02
1.216644227971739127e+02
1.787837345291915767e+02
1.060597205628211697e+02
1.490769848547379013e+02
1.659889467650156689e+02
1.658234806250687257e+02
1.358957293636845804e+02
1.357366373064671450e+02
1.365453620342144347e+02
1.797194720459829682e+02
1.065674250419034763e+02
1.499909553027356139e+02
1.355664947746456335e+02
2.391409301715426921e+02
1.073914497062580296e+02
1.210096355306821181e+02
1.513195135306434622e+02
1.517284178581282390e+02
1.065238455397719690e+02
1.211418349216603474e+02
1.373055403075879894e+02
1.217193186569244432e+02
1.794512205965282874e+02
1.505047446904986828e+02
1.217665358384179655e+02
1.518992751070845770e+02
1.510917156845696638e+02
1.357703004308873176e+02
1.073020141324780639e+02
1.219259358024411029e+02
9.191265604339656647e+01
9.213784092486386612e+01
9.268890063074667296e+01
1.066071774930176304e+02
1.073148827335812570e+02
1.205610461802240536e+02
1.068526291403775730e+02
1.212134666932552136e+02
1.063809185410480040e+02
1.210291755461331320e+02
1.511162967520924099e+02
2.096811810607549376e+02
2.093922052094292212e+02
1.354607043307685785e+02
1.358899530358865491e+02
1.212387624225627434e+02
1.500251430623218880e+02
1.365765572600563758e+02
2.389814207886894906e+02
2.234254521668807172e+02
1.662486570053372930e+02
1.639103040814595147e+02
1.211790290016551097e+02
1.507916175182580787e+02
2.102656629470736220e+02
1.506363694167286837e+02
1.215063316271533722e+02
2.099010775485012346e+02
1.955891061136398434e+02
2.540979224893523565e+02
2.689013171083183238e+02
2.850654214444604122e+02
1.798908917476284159e+02
2.393390458830843954e+02
2.390858105965613163e+02
2.238289515439042816e+02
2.825926548497616864e+02
2.677966045434631610e+02
2.831286759943980087e+02
2.535891472371579880e+02
1.062339915418405383e+02
2.679592868171051236e+02
2.694343295202725130e+02
1.658393618933307607e+02
2.671973501864903824e+02
1.069484917581835077e+02
2.379539151194730380e+02
4.002994953902638713e+02
4.013746301275430142e+02
3.539422376868557194e+02
3.570734954714841365e+02
2.545432688808832324e+02
3.708561827186733240e+02
3.719222215835623047e+02
2.249208627044630191e+02
2.830004862859724994e+02
4.302784162715535103e+02
2.677939162397272526e+02
2.532211315251221890e+02
2.823455012439602001e+02
2.834863112277496953e+02
1.657648627190625348e+02
2.664242225267572053e+02
2.674420024922972061e+02
3.872618794759860634e+02
3.557116767869372893e+02
2.692305899214361489e+02
1.652440917461376557e+02
2.680418052130864339e+02
1.366407283913698905e+02
1.512268890278127742e+02
1.806006618529084164e+02
2.093504458955289920e+02
2.533476692826006911e+02
2.680803661723956566e+02
1.810368646517229081e+02
1.360024710633096561e+02
1.367351260250497376e+02
1.657529489951075448e+02
2.678327555295691695e+02
1.808629708297648335e+02
2.541492133547298238e+02
3.140834196995647289e+02
2.248007189211053003e+02
3.419325791188940684e+02
1.657747991234686538e+02
2.684992013393404022e+02
4.602223374995995755e+02
2.691450961653424088e+02
2.390605581915054358e+02
3.431194586880067732e+02
2.682706827322373329e+02
3.270265763027164212e+02
3.854170637388075420e+02
2.398718485422792526e+02
2.683573797110178702e+02
1.065619349373581315e+02
3.432421116290147438e+02
4.302978099996357173e+02
2.254546209760840156e+02
2.536296413326932964e+02
3.417828647801921420e+02
3.137772090890739491e+02
2.685254010928484263e+02
1.956194718380040740e+02
2.838701041492667514e+02
2.695128477845067891e+02
3.564050466179003820e+02
3.719458492438382109e+02
2.540745178784986251e+02
3.260742016643289389e+02
2.671448292607709618e+02
2.831916800482215422e+02
1.206831278256342301e+02
2.972702785792776581e+02
2.814619740838900270e+02
2.974574515945819826e+02
2.836526454721574169e+02
3.679630816496784291e+02
7.736727773405935693e+01
3.125515634746996625e+02
9.173187801401884656e+01
1.060048020399209605e+02
7.723701333384543943e+01
3.280562891864171888e+02
2.962126328750715629e+02
9.155850998548558550e+01
7.719152220768108918e+01
3.233951349905085522e+02
7.730320702504619135e+01
2.674786478126969769e+02
2.074854653104247575e+02
3.252297963603944595e+02
7.726974103826142937e+01
2.531489497062827354e+02
2.664648053765790223e+02
1.799940486607042658e+02
1.791051083924069758e+02
2.825965927535796709e+02
1.501537056489643476e+02
4.147020805559302516e+02
1.804114724798298255e+02
2.832087487575158207e+02
3.861879750688660806e+02
3.270118620525078086e+02
3.712119142547364845e+02
2.994826081538591893e+02
5.041686552566317800e+02
3.878978036012612733e+02
2.097072647922066153e+02
3.276837983169293125e+02
2.688105831569272368e+02
3.276604366491776545e+02
2.988681335492733524e+02
2.671564233312359988e+02
3.126948038107329353e+02
2.687648314183457501e+02
4.148034909609561396e+02
2.988963434803794712e+02
4.577016616736169112e+02
2.689660472642324862e+02
1.953292714195015094e+02
2.099709696422705179e+02
4.290171015555345093e+02
2.689241426755977500e+02
2.394802862433128610e+02
3.129004086181712978e+02
3.132658172638931546e+02
3.579974075007547754e+02
1.662678883215741905e+02
1.952105488733383254e+02
1.806715233208132361e+02
2.698528843488360280e+02
3.138808974498111866e+02
2.103302611080588633e+02
3.280239540790825572e+02
2.543573511252652679e+02
4.315196208545800118e+02
2.395237179324297472e+02
2.673360628511423442e+02
2.399582844424084840e+02
2.535459357669275278e+02
2.677133232312306745e+02
4.013942416233207950e+02
2.104893839602374896e+02
2.396444918712853394e+02
4.587668601823134509e+02
4.017261426755145521e+02
2.405108169324165033e+02
2.700435304857575147e+02
3.271979788234996818e+02
3.868909131315521677e+02
3.299787532172269948e+02
4.004735929889232580e+02
3.556219590158539177e+02
4.151792107446097475e+02
4.448605605222458053e+02
3.144593658047232339e+02
2.702586438706982221e+02
2.840344157127582889e+02
2.686565213772444736e+02
2.682622143580913416e+02
6.341177108290078195e+02
3.851984929984608357e+02
3.421080860953356364e+02
2.828285501304007994e+02
3.727436814184900413e+02
1.951393148628672520e+02
3.423603511378070721e+02
2.685973984302265762e+02
3.414080715208677361e+02
4.300994293213256583e+02
1.655222986685726312e+02
3.860913103346356365e+02
3.257320610486770533e+02
4.024382036065739499e+02
3.880949459819455569e+02
2.682869503552098536e+02
3.133362011444981476e+02
2.675729005740735147e+02
4.299321304280901472e+02
4.153754632507385054e+02
4.013569700037350572e+02
4.020107374502974835e+02
5.025112181816463135e+02
4.458866768607394988e+02
2.702032528043855564e+02
3.862509393340758947e+02
3.582426969625543052e+02
9.700998896011376473e+02
1.806436596962183785e+02
5.186971702891859195e+02
5.621692042501570086e+02
7.540641162279654282e+02
8.938357376019089315e+02
1.321604142856114777e+03
5.476981333872064397e+02
5.170036218949039721e+02
5.492993815494280625e+02
1.813575408119812664e+02
1.292980519681354963e+03
4.599468368320223135e+02
6.062422488822511468e+02
5.031331980419607817e+02
9.698205570300752925e+02
4.744299087680122398e+02
5.157579872577174456e+02
9.249530183793082188e+02
3.255060572192115274e+02
3.269704521676408149e+02
1.802186750785865854e+02
6.936974404260472511e+02
5.597447568025486362e+02
5.785148943325320943e+02
2.383650879202324404e+02
4.314131847308846091e+02
2.053124078681030824e+03
3.709389778423941380e+02
5.165045825424715531e+02
2.682004539931195950e+02
6.520830083241388593e+02
3.865690108102040199e+02
1.062269050477510518e+03
6.666165486291616844e+02
3.697673982697213546e+02
1.234297649029575723e+03
3.561723756625914916e+02
2.839437601827130493e+02
3.135322935621771876e+02
2.682939009345536192e+02
1.809648107091072404e+02
1.218439174904342053e+03
5.788711649608093239e+02
2.962504959881053992e+02
5.599123789576663057e+02
6.047660095232639605e+02
1.010431635770678326e+03
2.834365124465261374e+02
5.315625565959184087e+02
3.106070056918270552e+02
5.325372394699448932e+02
5.179335999104479242e+02
7.061048889895333787e+02
3.734275980627497802e+02
7.367060989713762638e+02
5.469541523768434672e+02
2.686329829503055748e+02
5.159796626219779228e+02
5.338645853998600614e+02
8.681964090188885166e+02
4.303470308368799806e+02
5.334145354317439569e+02
6.505921684460702181e+02
2.688647887785094213e+02
5.744154603121246510e+02
4.278387389724196623e+02
8.401337564123016364e+02
4.022017716981766853e+02
1.382608784677374842e+03
1.914525787464488531e+03
2.244409241232774264e+02
2.080811810187999527e+02
1.878321000381100703e+03
3.401016621279794663e+02
3.560658392995386521e+02
2.687595303905232527e+02
7.078653304653571467e+02
5.924539387338642200e+02
6.785709611912402579e+02
8.380767146336122551e+02
8.677761360045577703e+02
5.312016555833854454e+02
2.668475912523267084e+02
2.816946606403502074e+02
1.725078034146330538e+03
4.575702901472034227e+02
2.248008063358608695e+02
1.131683782292805290e+03
6.800204424321392480e+02
1.039033354033301293e+03
2.685980915756003355e+02
2.830157253996266036e+02
2.536292788523659851e+02
2.540196102338295816e+02
2.372723424993651804e+02
1.600535998361356405e+03
8.264946288000693357e+02
3.725701833478744902e+02
9.153784501713793986e+01
8.682402918882611402e+02
9.411654810550531920e+02
2.686412980608819794e+02
1.068828119991792846e+03
9.579595263331373189e+02
1.039210064033029312e+03
3.423935392416543664e+02
7.936210222286903218e+02
2.692178487521590569e+02
2.672032999489928216e+02
3.854234676846503476e+02
5.613406808558074772e+02
5.605595414099327627e+02
8.104539413065540430e+02
1.941035174752637431e+02
4.429503181210142770e+02
6.020870446270462253e+02
3.711305278149990841e+02
4.002981225855143634e+02
5.324789558420884532e+02
6.338903876410432758e+02
2.096820869169163188e+02
6.480117004453388745e+02
6.627116637531315746e+02
3.277791166401707983e+02
3.122635343142143256e+02
5.747842900428780695e+02
6.065378951741384981e+02
4.290507324053412503e+02
3.137405136999698243e+02
7.939656090875084828e+02
1.144299954240641682e+03
5.322947891098131095e+02
1.477802731066247588e+03
1.070001869213069909e+02
4.019193617507303316e+02
1.497371758976022420e+03
2.020288191820759266e+03
5.043700158967629932e+02
7.230135168343281293e+02
2.979600656255778972e+02
4.578757039868370953e+02
4.593789933387592441e+02
5.326221541918440607e+02
7.694397902140349288e+02
1.516391145993765406e+02
2.675955411726631041e+02
4.445504917175095443e+02
4.900837225011184159e+02
3.414236376063493594e+02
6.791821494297925028e+02
2.697163388068673839e+02
1.802679242258359409e+02
5.784263823675437379e+02
4.289324238533340008e+02
1.657085571715147410e+02
2.388593451821078304e+02
2.684039499734755623e+02
2.242923482293066684e+02
4.466746298784677833e+02
7.956819041004904420e+02
4.011045576025112496e+02
7.537575503862531150e+02
5.333953080950591357e+02
8.543556733646921657e+02
2.674778704003284702e+02
2.691810409247129883e+02
3.711536680789274101e+02
1.145650838951029527e+03
4.568974924943811970e+02
8.393395534376126079e+02
5.160956062795905837e+02
2.133007876200614191e+03
1.377659624248222372e+03
4.734688198413665532e+02
1.029531350220378044e+03
5.624267284145868189e+02
7.350660059911940607e+02
4.747019784865277074e+02
5.760060042574833687e+02
1.041610766449260836e+03
3.572067316167267563e+02
3.274474202880437019e+02
1.231875775802835051e+03
5.461400529755281923e+02
1.949320340153338691e+02
3.122708231548671165e+02
2.668248591120934634e+02
4.169490472763203002e+02
6.484951322960458810e+02
3.982419200410327562e+02
5.163546819401288985e+02
3.843310117252548253e+02
5.177856277965890968e+02
7.204196250805896398e+02
3.562141989907020161e+02
4.011035663867427274e+02
4.314965288688497935e+02
8.247352745563723602e+02
5.050595846010740502e+02
9.391312395092126053e+02
2.392160570096759784e+02
3.421970694642040485e+02
3.711579120024634904e+02
3.588121423934834411e+02
2.842999864172894036e+02
2.691906658466944577e+02
1.950783572538361739e+02
4.584713896350046980e+02
8.100661898469476228e+02
4.286785176623017719e+02
3.404078822840475027e+02
8.822204689564241562e+02
6.163134525786559834e+02
4.460297285812034715e+02
9.136918216574259759e+02
9.147671935940621779e+02
5.340657359965443902e+02
6.052365796161568596e+02
1.318878772507388021e+03
8.249669135460582083e+02
4.457247688533590804e+02
5.475729267896863348e+02
2.703889380148094688e+02
1.119914999306098480e+03
3.280711624783264142e+02
1.176156079769540838e+03
4.447455924647354664e+02
5.479953080525195901e+02
7.980848075744765993e+02
2.835969818527752295e+02
6.195020689502339337e+02
7.080920649874019546e+02
1.162426630118943876e+03
1.613425668771170876e+03
1.059782216201478377e+03
4.153763936348152015e+02
7.801989697634860477e+02
7.826798019666462096e+02
1.365658049804178063e+03
3.871914942475654016e+02
5.627735023206702181e+02
5.457830420395624742e+02
6.946551880426346770e+02
1.202477051217886583e+03
1.012026313944421190e+03
5.611511399997214085e+02
8.514671526977665508e+02
1.176041489295600513e+03
4.880924832873679975e+02
8.659644262609447196e+02
4.755028079507294478e+02
6.206712825412832899e+02
4.294267427220090667e+02
2.557029793483701269e+03
9.278216563884254811e+02
5.174131318034416154e+02
4.008958952096148778e+02
9.709560000222929830e+02
1.113602060314911796e+03
7.186615777505838878e+02
4.884792055982110242e+02
2.690259208197263092e+02
9.393787944877930158e+02
2.903772210470937353e+03
1.186029679968112532e+03
1.523011177921241142e+03
6.490023416930033591e+02
5.484610213504897729e+02
3.866827391541889369e+02
4.587318781747933940e+02
9.270395575497295795e+02
6.488179741468674138e+02
1.129246615211128301e+03
7.835161021116632583e+02
5.024691098670061251e+02
3.863444887453338765e+02
5.919253196644282298e+02
9.000511480254073149e+02
1.091452757004741215e+03
2.680485445296497460e+02
1.477926721779472473e+03
2.680808407416855061e+02
7.222478975903559331e+02
1.103058528149814720e+03
4.149587087645257952e+02
2.687356937051827686e+02
5.612281987243834465e+02
7.356408907534024593e+02
3.139694105290389530e+02
6.932471700586833094e+02
4.593346919476784365e+02
3.861282320222092608e+02
2.675464519274234476e+02
2.693809487334202686e+02
1.952248390646040264e+02
3.280646508982213732e+02
3.694558063888432002e+02
3.852144850563672094e+02
1.003735316380681070e+03
1.513641331544213813e+02
2.827371860312917988e+02
6.918587726671706832e+02
8.259317989386123600e+02
7.836501755258386765e+02
3.426276212645716441e+02
4.157049741694897875e+02
3.271343591848528263e+02
5.349884861596823384e+02
9.306620953907258809e+02
2.831070144332260838e+02
2.846928143730067973e+02
2.676990241140363196e+02
4.744033205326164193e+02
4.158803678193784208e+02
1.806591238238216874e+02
2.684597856001229275e+02
4.892480533557684907e+02
6.787175285797608240e+02
3.138866280697369007e+02
4.725711370576025274e+02
1.746000141811862932e+03
1.619956980116489603e+03
7.254100272365172941e+02
8.234114205159014546e+02
2.675988428312375618e+02
1.419793285634105814e+03
7.063257645870826309e+02
7.957773303126898554e+02
7.509259511419348883e+02
1.261138014884294535e+03
5.766343193423217599e+02
7.222044546140123202e+02
2.989012201654326191e+02
2.681242225675934492e+02
3.267796095887729280e+02
1.687287819870590511e+03
5.168551881819713572e+02
1.159979910442277969e+03
5.770284792992906659e+02
2.673879472945457678e+02
4.425400790691973612e+02
3.994876026358351169e+02
4.311318433494926126e+02
4.896697540158280049e+02
1.247297943953795084e+03
2.675237206856131706e+02
1.499208666279942008e+02
5.467831540438194224e+02
1.061857506245986997e+03
9.857333350606903650e+02
3.117753109807636065e+02
2.685694654742719649e+02
8.249896755871876621e+02
8.417857414801037521e+02
3.131553258909367514e+02
3.114383708922712799e+02
7.213459259808515753e+02
9.837066141976821427e+02
1.694846242754246532e+03
7.940280005831164090e+02
2.699314515005614226e+02
6.197285565335694173e+02
8.132636515311829726e+02
1.419028863503164303e+03
9.540635290040740983e+02
1.154546864538235013e+03
1.275639814223899293e+03
7.224762269426248622e+02
9.842815648383043481e+02
8.530233650580611311e+02
5.479227339749138537e+02
5.307057651567434959e+02
6.612758391253482841e+02
1.193917787652026846e+03
7.936328307791651469e+02
7.943549073159434784e+02
4.730070847181357863e+02
5.184304748268046978e+02
1.231316142974914783e+03
9.984165367842748537e+02
4.599090013673296653e+02
7.647874262143095621e+02
1.043734485207910438e+03
4.148171672912459940e+02
1.060066373027051895e+03
3.725740167257968665e+02
7.497745416638966844e+02
7.929217191621925167e+02
1.030992449743362158e+03
1.089363631897625055e+03
2.682410943564491959e+02
5.185373815173867342e+02
2.184875496628310884e+03
6.335465391905217984e+02
3.120117818463114645e+02
1.379909620801405254e+03
6.814917465537344015e+02
2.391188069488823658e+03
1.143842410601686652e+03
1.145370425685285454e+03
1.524228708217302028e+03
5.184877593238725240e+02
2.604386036416054594e+03
1.059489689904791703e+03
1.024612278438173689e+03
1.584831660603029604e+03
6.504733523037293708e+02
2.512271756332264431e+03
4.015829824956716720e+02
6.938060405359949527e+02
5.024359609304539731e+02
6.075910707442010334e+02
4.442286649741282645e+02
3.723731665821078991e+02
1.044005045036446290e+03
1.407463350464626956e+03
1.920964605679571378e+03
9.253422525097258813e+02
8.865838946921486468e+02
5.605602562730817908e+02
1.815777401301394093e+03
1.090398570433055284e+03
1.157522774410469310e+03
5.918721293520233075e+02
1.202825927441356725e+03
1.377264725820748481e+03
4.288947607639877333e+02
2.068300745369299420e+03
8.411095856857965600e+02
8.848653022210593235e+02
6.377502066863356731e+02
3.435635577227209865e+02
8.682190353241099956e+02
3.462802086207816501e+03
1.115988249952086790e+03
4.889898485101274446e+02
2.332892822016691298e+03
9.453169718789112039e+02
9.554861699034102003e+02
3.134114111101597473e+02
3.278047786312585004e+02
7.385048055874256079e+02
9.598934171028957962e+02
5.048116135458131453e+02
3.427419297885165292e+02
1.073036334506511366e+03
1.836208153240912225e+03
5.793065261853381571e+02
5.208175397912090148e+02
2.822588839195752826e+02
1.059484357407800644e+03
6.953549300070666277e+02
7.936522658317520609e+02
2.984436720442805040e+02
9.703614244412956396e+02
1.423830031918413397e+03
1.358126216127704993e+02
6.762353653827298103e+02
9.858148505981309881e+02
1.057221816995306881e+03
2.242028363197050282e+02
6.925027560653480805e+02
6.215953265327216286e+02
2.687149688895367490e+02
2.100893578441737759e+02
1.847765067533808860e+03
5.021862595421359856e+02
9.677962870993733304e+02
1.120974489658793800e+03
3.274112490732538845e+02
8.970407633160256182e+02
7.081047959460653374e+02
1.086587900183046258e+03
6.205353936741605594e+02
4.156778230273180270e+02
1.653244491086916810e+02
2.370365302016803071e+03
9.712594994104370016e+02
8.079592235823749888e+02
2.678894138631663395e+02
7.779425347049716493e+02
2.667183247870999026e+02
2.541676555109076787e+02
5.475708729367275964e+02
1.079294410950204565e+03
2.680991942745233132e+02
9.564867842123678656e+02
1.982405572436343164e+03
3.849523595570187808e+02
1.669737198670621865e+03
2.670112747305510652e+02
5.765774770264642939e+02
5.885450799009054208e+02
2.881941186266802106e+03
9.851338109253563289e+02
1.527525527632170224e+03
2.537066686282149703e+02
2.618385017217875429e+03
1.044598802711700273e+03
2.388575692446265748e+02
3.413345649221075746e+02
2.676456808938199856e+02
1.071065247928439021e+03
9.421999138002264544e+02
1.045272162396840940e+03
1.234000440566968791e+03
2.225087570423118450e+03
8.940051614406530689e+02
3.712520427698059393e+03
1.061052248511033895e+03
1.467421623967377400e+03
5.349290759220958762e+02
1.276863352674625730e+03
6.808342096699407193e+02
9.566581134156986082e+02
1.334814683027874707e+03
1.288735150413256633e+03
2.298742553558622149e+03
2.825595697457956703e+03
9.577055729535996988e+02
9.134754843745976132e+02
8.110211572096882264e+02
2.338862010427756104e+03
2.681090047509547389e+02
9.120029343557084758e+02
1.364160138042935159e+03
1.655389776357016899e+03
4.458911957855475521e+02
1.332411597763227519e+03
9.956155493248221546e+02
5.770900465447928127e+02
2.685484489679637363e+02
6.201557301132378370e+02
7.217870907386113686e+02
1.185397058967567318e+03
1.612948764901588902e+03
8.427900081417885758e+02
5.153218347158012875e+02
1.001326697623175846e+03
1.026665566389242258e+03
2.253716195488123901e+02
1.594025389870399067e+03
8.859190630579923891e+02
8.696051933452577032e+02
1.142331715645107579e+03
6.646234707681732061e+02
6.051925585963158483e+02
4.886757594617891982e+02
1.000603628826350132e+03
3.280353173239524267e+02
1.057941913869737164e+03
1.990934066716998586e+03
2.681756284325864499e+02
8.716754836326747409e+02
9.670431198860450195e+02
1.086034063058133597e+03
6.361829043219254345e+02
2.134289897238734284e+03
8.548953368373523745e+02
1.275908494821594331e+03
1.348400440310195108e+03
1.174193944949237675e+03
5.200837130793302094e+02
1.164715094954670803e+03
7.220632983118981656e+02
7.835085402971502617e+02
1.202285153537578026e+03
1.697961890933511995e+03
2.862152492603965584e+03
7.821587773909230918e+02
4.873742957813298631e+02
7.946176044353918542e+02
2.501357264718657916e+03
1.189548050751934852e+03
7.221622725027934848e+02
1.281517827584560337e+03
8.405693930901408066e+02
1.698482189753997773e+03
1.029430609340534147e+03
8.972043710214924204e+02
7.071202894023895169e+02
2.562746602092770900e+03
2.591518860083446270e+03
2.379850305654405247e+02
1.157906800226354562e+03
1.438408895961200869e+03
1.937946298500143939e+03
2.693578219226346846e+02
1.306053577748639100e+03
1.089551009657086752e+03
8.090107575902005692e+02
2.687618121516681526e+02
3.322845199664182019e+03
9.117535551657547330e+02
2.679817746648147363e+02
2.687911248737287906e+02
4.002682533187886520e+02
1.141200923868004111e+03
5.312720777731357202e+02
3.844857604119969778e+02
5.030672880115125736e+02
5.459180297244105304e+02
2.673173593562768815e+02
9.997751333229374495e+02
1.884027178272969422e+03
2.381985655887606299e+02
8.110311996959458156e+02
7.379458865879793166e+02
5.633867783081475409e+02
9.091473216324046689e+02
5.175468272711657391e+02
5.049554366688852838e+02
5.626250551636935597e+02
1.017918330564769008e+03
3.130828925641434353e+02
5.042361102682769456e+02
2.365261096765028014e+03
5.623693082903498635e+02
7.686168874186615767e+02
1.624869450641375124e+03
1.149391834773328128e+03
8.292950736378186321e+02
9.029308243691407370e+02
1.351569261370750610e+03
9.831722305338834076e+02
3.284851235401884537e+02
6.512427793519476609e+02
1.060936248156917372e+03
1.161819234210003742e+03
3.569519473871229138e+02
5.924763673889470965e+02
1.001299654750194691e+03
1.055882930929563599e+03
8.405384902441908253e+02
1.099309167853343297e+03
1.728218145513657873e+03
3.834416867383978911e+02
4.151532397396296687e+02
5.176870674718103373e+02
1.082450934188245810e+03
1.378832910002375456e+03
4.598351436658962825e+02
2.669665786454202134e+03
4.881026113747623185e+02
2.680166345197857254e+02
1.566174754149627461e+03
1.670921367822741331e+03
6.033659548679750060e+02
4.877055678330511341e+02
1.174365958735230151e+03
1.512660113471090654e+03
2.121853326557161381e+03
1.099312594009154054e+03
1.185557267043199772e+03
2.829724481730649472e+02
1.579042021942771498e+03
4.746204742331574380e+02
2.335946477092057194e+03
8.100372667211505586e+02
5.188408816871743738e+02
1.554703037591864131e+03
8.361893401172322910e+02
2.378283555470323336e+03
8.870037960345558758e+02
7.519363687716726190e+02
4.601933423725576517e+02
1.598207301685605898e+03
3.882389503741725889e+02
1.806495125698038919e+03
7.244976074901310312e+02
1.332903229169480255e+03
4.909021736627275914e+02
2.533416796752517257e+03
6.226797753881386370e+02
9.571153323255152827e+02
1.254077560325568129e+03
1.931872908836909346e+03
1.173527618716500228e+03
8.399017385669770874e+02
2.679913049860243746e+02
1.319701058975692376e+03
2.095325748570348878e+03
5.481065447353593072e+02
5.026401382051641917e+02
2.679270134291827503e+02
2.678484735399906640e+02
6.078991506279013493e+02
8.996322765555771639e+02
9.408337932224595761e+02
1.714028600225411310e+03
6.326057767051072460e+02
2.109590991503729128e+03
2.675722588079571551e+02
2.913985751665687985e+03
8.956526586314704446e+02
3.866595198248999168e+02
5.607439158550674847e+02
8.850551867403560209e+02
8.713893762015324000e+02
4.001280132662365645e+02
3.289093503001367367e+02
9.703775036775114131e+02
3.248791553471080078e+03
6.648700562083873820e+02
8.540249238757469357e+02
3.127368593661247473e+02
2.112651507941412092e+03
9.975360317179909089e+02
5.185043352383582942e+02
1.233287449293791951e+03
1.433796827761568920e+03
5.788794697127090103e+02
6.652645471975242799e+02
3.296217886537432150e+03
1.552290693555785538e+03
2.474179698926565834e+03
8.688724354509794239e+02
7.674561812543463475e+02
8.541229714355851002e+02
4.315974117635468019e+02
4.019461938672313863e+02
5.335413442603136218e+02
9.305291994744626436e+02
7.974096424916074284e+02
1.581419041392928420e+03
4.603820338332633924e+02
1.713586536321022095e+03
2.315130255027578187e+03
1.698040973604863439e+03
8.658035741591498891e+02
1.213196748585155774e+03
3.177635191895636126e+03
2.973082755871122345e+02
2.352824294876213116e+03
1.784179853032558412e+03
3.556103342868882464e+02
5.189194116302491011e+02
8.540602227835373697e+02
1.189213364779636095e+03
1.674920637827836572e+03
2.302875314175115363e+03
2.080926559363144861e+03
2.257116402512403511e+03
2.693941770840291383e+02
7.521970656512702362e+02
2.409670425808277741e+03
2.306153085323398500e+03
2.978526563130718046e+02
6.236982371710092821e+02
7.375377229719957768e+02
1.868939579739345845e+03
2.315357114766989525e+03
1.623335101726487437e+03
7.084925994580785300e+02
9.846488584675673792e+02
5.470422038532253737e+02
8.403802957982854878e+02
3.426158358003688704e+02
8.402374153451080474e+02
1.236694529922630636e+03
4.008620454219160365e+02
2.669254497376874156e+02
9.258183159739222674e+02
4.621173174529020571e+02
3.264643245818605237e+02
1.686312058360322681e+03
6.663528719316032038e+02
5.797340122382688605e+02
7.082869051749033815e+02
3.567762228157698701e+02
8.250949252006788583e+02
5.482953155850931353e+02
1.000658906116704202e+03
6.203027276706581006e+02
1.235546258348147148e+03
4.744229748623675960e+02
7.658794391967230695e+02
4.893964912455020340e+02
7.965778065713401475e+02
1.310563403225275124e+03
4.882624280710703033e+02
5.901543914200599374e+02
8.372016023498844106e+02
1.158668013638207412e+03
1.450609666716093898e+03
1.306569065217185198e+03
6.941833273894061449e+02
2.936386417581376008e+03
1.056364684213562896e+03
1.134041558707107242e+03
6.048934781767014783e+02
2.439601296220307631e+03
9.585970517201450320e+02
2.226113005644650457e+03
9.578090429201573670e+02
1.926391733411458745e+03
7.793079040000432087e+02
1.206120787646829513e+03
5.014178755930354896e+02
1.015129422270892974e+03
2.677353326676056895e+02
9.442818054471684945e+02
1.961670914435662098e+03
6.535201608866499328e+02
2.828085115012322035e+02
1.248911705889188852e+03
1.953928430170190722e+03
5.035071273855045320e+02
8.860526187971555601e+02
3.317956516067752545e+03
1.450961827426605623e+03
1.103977841735068750e+03
7.851302288983049493e+02
1.628117479705638743e+03
9.450593029147853485e+02
2.690850575908411884e+02
4.732355132058867753e+02
6.969693808770107353e+02
9.443719509478086138e+02
9.278730288651179308e+02
1.261998036048290714e+03
1.861932756093922762e+03
4.747298797103412085e+02
5.340695220327564812e+02
8.417301398798858827e+02
1.629647755776959229e+03
2.384527522722818048e+03
3.675291789611219428e+03
1.130442573403164488e+03
3.581478070017800519e+02
3.883137776382565676e+02
2.441078690674823065e+03
8.410324859963944846e+02
1.019415701895122311e+03
1.104719734482087688e+03
4.753507536553088926e+02
2.330945625061895043e+03
2.368133598704061569e+03
1.249503785464620250e+03
1.948774769538580813e+03
4.468185289879264701e+02
8.704681386308411675e+02
7.113316961471384730e+02
1.133303669046672894e+03
3.722161005212341252e+02
8.110256716388105360e+02
4.909708475410297979e+02
4.171279938627378101e+02
1.102285576954616090e+03
4.449879758806239352e+02
5.190389863208400811e+02
8.522254097469855196e+02
5.346289472906180436e+02
4.606549607613754915e+02
1.160224125281814167e+03
1.133785911631026011e+03
2.847138361762664545e+02
6.972704122155709001e+02
9.553919840382583288e+02
9.731332329636987879e+02
8.838848065403198007e+02
2.177016913595760798e+03
5.785686805780184159e+02
1.277260258240142775e+03
9.139777325163147452e+02
3.435814242949372783e+02
5.771825832169374735e+02
8.414222472720734913e+02
6.522273644575975595e+02
2.972078613979074930e+02
2.935134068249013580e+03
2.135974652144624088e+03
7.796545355650736155e+02
4.908821792387853748e+03
2.828793678436609866e+02
3.557250939376787642e+02
5.172943205090862193e+02
6.365233282607447336e+02
8.985695954384091237e+02
1.931850301659708748e+03
1.497478653927553296e+03
1.202422320763635298e+03
2.481195358189924718e+03
3.404947710207607997e+03
8.119637428501595195e+02
1.390221244554278201e+03
1.143154929313691127e+03
2.283925218587270138e+03
9.868903157283992869e+02
7.217888240465576928e+02
1.610816548893566960e+03
1.831619185606973133e+03
1.118105777912387339e+03
1.118601775011624341e+03
4.443605653317401902e+02
1.262576020330851861e+03
2.547943321781865961e+03
1.014262650939520881e+03
9.276432867600161671e+02
7.367036655091824287e+02
1.169589075489885090e+03
2.264964905554443249e+03
3.132981113703039000e+02
1.115711633146721169e+03
8.813705466619044273e+02
7.520003731073387598e+02
4.149468907938932034e+02
6.201831181725111719e+02
1.144713383177490414e+03
8.388116431185934516e+02
2.393935439297727044e+02
6.365336236621917578e+02
2.645852626435568709e+03
1.362711321653674531e+03
2.679012767193802347e+02
1.189863899465272652e+03
8.258768971635398657e+02
7.564215956703263828e+02
1.319157849545670842e+03
8.561731882742989228e+02
1.218191996254761079e+03
1.393150592848369570e+03
1.032596778823658497e+03
1.451332306219753264e+03
9.425940238539644724e+02
1.140158367334239301e+03
2.209170042147745789e+03
2.503611622196134704e+03
1.032149886345451250e+03
1.000126915310977893e+03
1.566108845801801635e+03
1.747312724116591880e+03
2.553752688324760584e+03
9.136334112150055944e+02
9.716131714713289966e+02
3.119142829851294891e+02
5.920105481631198927e+02
1.512169357489645108e+03
1.307694483616383650e+03
9.416318568641627280e+02
1.654663689359670343e+03
2.766388084268794955e+03
9.516708615001414273e+02
5.048548627298094402e+02
1.102138323270946557e+03
1.408155532568418039e+03
2.130658326874684917e+03
3.155286911419284024e+03
1.527107770626921592e+03
3.269315498880358177e+02
1.659972344463040372e+03
2.178436614082113010e+03
7.410005853989229081e+02
1.189614293032533851e+03
1.045999038245662632e+03
1.559646344778716411e+03
4.574898490560914297e+02
9.008692053271014402e+02
1.087560748249458584e+03
1.703151590979320417e+03
4.461304424451451496e+02
4.414255434364769712e+02
2.618657328201531072e+03
9.426166647008834616e+02
9.862834257114521961e+02
5.912724646324951436e+02
1.818831092164575239e+03
2.588380999434672049e+03
1.276671570959495284e+03
2.695519279507846022e+02
1.482661989250244233e+03
5.059259221480394899e+02
3.435624914378912763e+03
8.140827802474487953e+02
9.993280038010244652e+02
1.681603030814096201e+03
1.982326045621326330e+03
6.149270362741333884e+03
5.920844319777831970e+02
1.174804172669382297e+03
2.540767642167591873e+02
3.009123345180474644e+03
1.426290987239537117e+03
1.616904827873350769e+03
1.601827622668811500e+03
2.246833248319536267e+02
2.961894548822889192e+03
7.253657049426017238e+02
2.940142610696551401e+03
1.658833384719815285e+03
5.043483596722126663e+02
2.985209287559359836e+02
1.000781358591706976e+03
3.957600380650520492e+03
1.615305955398499691e+03
1.452549820586431679e+03
2.449064957745684751e+03
5.643248587427889333e+02
1.434652726316313419e+03
2.684640409503039677e+02
1.997383161527266338e+03
2.742762879505574347e+03
5.932620705684936411e+02
1.625138260043913533e+03
1.148500147065011106e+03
2.136762305502235449e+03
2.679561993508803880e+03
1.481410951082126758e+03
1.026278394378582561e+03
1.045952508718897207e+03
2.073919108198752838e+03
1.953335510113110331e+03
9.554653269759635350e+02
4.011007794323889357e+03
9.156885434783733899e+02
1.383949868929450304e+03
2.429338979119156193e+03
3.614052819482028553e+03
2.741579910050034869e+03
1.603905761072689302e+03
1.570872968884937336e+03
2.135759781065411971e+03
1.000175404318367896e+03
1.132643721750193663e+03
1.553488677330603878e+03
5.920951666065495829e+02
5.762197198841099635e+02
3.406131090301669701e+03
2.680360065290509738e+03
7.658457279579241685e+02
1.029505400151095500e+03
8.269327968088026637e+02
4.320321529695988261e+02
1.267562409569974307e+03
3.861308802773322100e+02
1.001710743516289881e+03
1.775186217763686955e+03
6.830815921724340569e+02
4.002636795200672850e+02
8.253708652395092713e+02
1.239137051957488211e+03
9.288368079644242243e+02
2.358894973537557235e+03
2.826992572222542321e+02
9.721224238937189739e+02
1.178748267077226501e+03
1.289090078114254311e+03
1.013970054013882304e+03
9.888408523271398280e+02
1.011455741041895863e+03
1.421859753771032501e+03
1.089859165369176253e+03
4.739139135842984274e+02
7.381760850993025542e+02
1.016790626661040278e+03
1.613957790336317203e+03
7.232461366734747799e+02
2.051843640929228968e+03
2.910335062940310308e+03
1.088915385672371031e+03
2.471182753761946515e+03
7.089279575076443507e+02
4.609070272146958587e+02
1.114452886218738058e+03
1.071840138066872896e+03
1.235662676374504372e+03
1.437718462011691599e+03
3.750162038139949800e+03
3.279029714936702931e+02
1.861971798939776363e+03
2.025841647613896384e+03
5.918811602716518792e+02
2.722402990585881525e+03
6.517710685969043425e+02
1.660528393141531069e+03
2.038637598649194160e+03
7.821430921854571352e+02
6.373470010181797534e+02
1.045019656074949580e+03
2.328650101303669999e+03
2.042348818344273013e+03
1.948862858799457626e+03
2.400759787840425361e+03
2.799841188208177755e+03
1.618338381985922524e+03
1.483018716795938190e+03
6.497631812094981569e+02
7.793096439743828796e+02
3.209869068742101263e+03
9.555335270253451654e+02
3.551746922589235851e+02
1.333413003767909458e+03
7.695783927646282336e+02
6.381569928104610199e+02
1.554420100585011369e+03
2.115332295618888111e+03
2.194407325069036233e+03
5.896378415750870090e+02
1.294189711438340737e+03
9.295458275483456418e+02
2.129664694397897165e+03
2.832317734680208332e+02
2.052617435927340466e+03
2.521923575623416127e+03
6.947871631277515689e+02
2.057658092323147230e+03
5.185105812634941458e+02
1.938291821560372910e+03
1.320948640234527829e+03
8.693633551425925816e+02
2.311226849238979412e+03
2.946509656127143899e+03
1.288989033282983655e+03
6.517033423520724682e+02
1.513281459718614542e+03
2.198968992322616941e+03
1.758812287286383253e+03
3.322613286716290077e+03
1.191574180290800996e+03
1.525634540658403239e+03
2.368360613896518771e+03
3.410431427833686939e+02
2.406968717594351801e+03
3.077743257701296443e+03
2.871153667476951796e+03
2.325293575912847245e+03
2.936262761888357090e+03
3.289552572427291125e+03
3.194463453192595352e+03
9.595918147958353757e+02
2.121125034256524032e+03
3.643259308947035152e+03
2.256172542916890961e+03
7.225085183118274017e+02
7.512209604664557219e+02
1.938189705090089092e+03
4.894055906196957153e+02
9.899568591000380593e+02
3.342758540124253614e+03
1.693319403578005222e+03
1.926312832409742214e+03
3.526015659043825508e+03
4.008346289969358622e+03
3.281265369733815533e+03
3.862542533022859175e+02
2.045053654710364299e+03
2.764621494923855153e+03
2.650829599201658766e+03
1.843213892713800988e+03
9.865255822867361530e+02
2.216528485370007729e+03
3.274073733605529242e+02
8.271265407233722726e+02
3.121140863774158447e+02
2.689484604729985335e+02
1.973104788122149330e+03
2.331006961297571706e+03
3.421593092013740147e+02
3.950544121004830231e+03
9.608864774946398484e+02
2.627920183640720097e+03
4.610530880046561037e+02
2.654088562126415582e+03
3.280916629308577512e+02
1.568499240434509602e+03
1.468315141597224510e+03
2.192072285800083137e+03
2.636472888145372508e+03
2.920888167114288535e+03
9.425126057245508946e+02
2.688093288530166660e+02
2.036573663351776759e+03
8.256945023128470211e+02
6.527027131444709767e+02
1.559013129416009178e+03
4.617860982693929145e+03
2.181574026498213698e+03
8.498076052408895293e+02
3.582234424186087836e+03
1.088950623990050417e+03
3.870704360786320422e+02
2.142117947316127811e+03
2.752381508265014418e+03
3.364945134377055638e+03
2.074669833875447694e+03
2.377761879968032645e+03
2.716906338833488917e+03
3.177179929062339397e+03
3.014937627004649585e+03
1.603699085917696721e+03
4.177427246792459528e+02
7.791105453321521964e+03
3.385161594544759737e+03
4.890001206192912832e+03
1.615444370132843915e+03
4.664524247658256172e+03
3.225694137905340085e+03
3.456133798770083558e+03
3.473781899731644899e+03
9.741373838414996271e+02
2.113969845651030937e+03
3.186480118320350357e+03
6.649598103122954171e+02
1.016787248721439937e+03
1.823048674633132578e+03
1.598362246962471318e+03
3.480633744094322537e+03
2.573433470373950968e+03
1.028831311129800724e+03
1.921610701754454794e+03
3.134658807079881626e+02
1.876406862657855982e+03
2.538706208624932970e+03
2.863380516599514976e+03
1.002749881250951375e+03
3.556317754942635361e+02
2.851249208338806056e+03
4.589132687842781024e+02
1.147167525361446678e+03
1.027967050422383863e+03
1.597508588991211127e+03
1.803798382324699332e+03
9.159734259414728967e+02
3.417940868208178244e+02
9.747430338896997455e+02
2.402986942833874309e+03
1.804110120007312617e+03
2.756491744924360773e+03
6.482916537495809280e+03
3.234765353962183781e+03
1.170687289089761862e+03
3.159399921961944528e+03
2.739822050466839300e+03
1.029098901702608828e+03
9.572299474712190204e+02
2.055505642777829053e+03
7.663059444081615084e+02
6.173556092240008184e+03
8.264599666874456716e+02
1.618608061074725128e+03
4.976967547600529542e+03
3.429396546872759700e+03
9.154767326111547163e+02
1.248238267479579918e+03
9.990144133684680128e+02
1.338476480260649623e+03
1.794114014503834369e+03
6.357257627941911778e+03
2.663051920977860391e+03
8.131123132795806896e+02
1.309797345112251605e+03
3.365600173647208521e+03
3.150315750775569541e+03
6.770248261787038473e+02
9.714206355679681337e+02
1.804179426241957572e+03
6.780982461575572415e+02
3.634759765939664248e+03
9.705899433955420363e+02
1.425014976135138795e+03
2.257407264555827624e+03
8.527534685760416551e+02
2.533213538202390737e+03
5.350096237149548870e+03
4.380017396564315277e+03
1.704146579120962542e+03
6.624254995244285737e+02
2.769656102278821891e+03
5.040497145366441600e+02
3.043828260007377139e+03
1.699610832610545003e+03
3.326762292451639496e+03
2.797562288935657762e+03
2.491871354112530298e+03
9.575285386497728268e+02
2.673447849805743886e+02
2.049418922615635438e+03
1.866045958099031395e+03
4.903626716800948088e+03
8.098643578012114403e+02
2.278406569929014495e+03
2.701568696454387009e+03
2.270986884659051157e+03
1.129712614817538906e+03
9.733612753906788839e+02
2.130174290839712285e+03
3.512299832089738629e+03
9.399451893852404964e+02
1.058029882450946161e+03
9.163601362912895638e+02
1.338162303422217747e+03
1.950399282855728870e+03
2.882430474043695995e+03
9.724907209247819537e+02
9.156840112260713340e+02
6.049764070806558038e+02
8.681834422885015101e+02
1.002473335393019283e+03
9.253443213707938639e+02
2.673089685471848611e+02
1.898149261657091301e+03
3.564442549423645801e+02
2.417032494720775503e+03
1.014714983527608979e+03
9.761387934461290570e+02
1.499721928273327194e+03
1.952060250768463675e+03
4.374602852818667088e+03
3.497350400740275745e+03
9.861409996142936052e+02
2.315730503059562579e+03
2.051805422956122129e+03
2.519232432561665064e+03
1.093393294372673836e+03
2.018964612336002119e+03
1.805301235665901913e+03
2.775559776564001368e+03
8.695943585176900115e+02
6.358874752654110125e+02
3.553898974614830877e+02
2.054870419988037611e+03
3.135775380914110428e+02
1.001456225527074139e+03
1.277669929617150729e+03
1.730502551748345240e+03
2.123449876995403883e+03
3.077476645327200458e+03
7.087138775540038296e+02
7.234752909676193440e+02
1.703819664989362536e+03
2.764521194067457600e+03
2.822314989802217951e+03
3.576851519545611154e+03
1.247616052922919835e+03
1.959338551363163788e+03
2.870834058119981819e+03
2.798611996254315272e+03
3.494948988470594486e+03
1.089863940864371216e+03
3.006631561761021203e+03
2.178556668811101645e+03
6.523064586900216000e+02
3.406222778234629004e+03
4.119941588968893484e+03
9.721358278119688521e+02
2.325859397448862637e+03
2.419293864371086784e+03
3.139589764858816125e+03
8.063305571613982465e+03
1.105510608451783128e+03
2.695647202986237517e+03
3.054553356774224540e+03
7.430302148362138723e+02
1.002203189773598638e+03
1.003598738024899717e+03
1.442158588900130326e+03
2.943163390261566747e+03
1.218820636442675323e+03
1.485472426048285797e+03
1.488442375743800540e+03
6.221563314608958990e+02
2.068942651382807981e+03
1.438191855129095757e+03
1.223490106365919019e+03
5.462450841488067681e+02
1.955474259873458550e+03
3.011930817441717863e+03
1.193526087884571098e+03
4.143843993353947553e+03
1.002397334615021009e+03
2.231656028096066166e+03
5.911338656455441196e+02
4.098769175877876478e+03
2.888454397891634471e+03
2.932556197717055966e+03
3.749019596373499553e+03
4.767781369337424621e+03
2.451262665817413108e+03
7.398608200709965104e+02
1.529415797619795057e+03
3.773865312471888956e+03
2.070848727108072580e+03
2.522765627762454187e+03
3.008597746351561455e+03
1.092910035226326272e+03
1.471553028838115324e+03
2.055365762607345914e+03
2.436761746676208077e+03
2.801025287549575751e+03
4.386673667360215404e+03
2.726178490531084208e+03
3.121934000128531807e+03
2.750491055122772195e+03
3.631907939408566108e+03
1.749899200661805935e+03
4.771959625534368570e+03
2.427534383003481707e+03
5.860324776733710678e+03
5.039528234069415703e+03
3.934569183432645332e+03
2.277040409544242721e+03
2.850993995998769606e+03
2.460487397648566457e+03
3.681949271612679695e+03
1.496480289622151076e+03
2.693034018332022583e+02
2.564052947027104437e+03
2.658494560107092639e+03
6.964741602908607092e+02
2.985758686571522844e+02
2.205394001138940439e+03
6.643387894301882625e+03
2.433766472503484692e+03
2.938764149042478039e+03
1.017874836455158743e+03
2.234451844135956435e+03
2.791105211345230146e+03
4.605437304690210112e+03
5.320738073640182847e+03
9.878277498815994022e+02
2.108182161053894561e+03
5.640232855175704572e+02
2.531730331271754039e+03
6.070700338317283240e+03
1.421038203018635841e+03
4.703127219170522949e+03
4.890172753285075487e+03
6.023328661659636964e+03
3.247546122096394811e+03
8.574356070270106329e+02
1.526198098183145021e+03
4.768750183140117770e+03
6.140913571538130782e+03
7.333903737013547470e+03
3.196207919391064934e+03
1.631388366625206118e+03
2.056267953977830985e+03
6.146088297434930610e+03
7.056580536296045466e+03
9.765530765979024181e+02
6.644094902200070010e+02
7.783806543110434177e+03
2.445208098515388883e+03
2.868563941529572730e+03
2.856696232268947369e+03
4.605169563898981551e+02
7.239771568125430576e+02
1.095413419601894384e+04
9.323991942501910671e+03
1.032765956670857804e+03
1.527425007775420454e+03
3.613050491167625751e+03
6.664940715289604668e+03
9.289216967589836713e+02
1.092112501139151163e+03
1.458343018638293415e+03
2.267439314125889268e+03
2.647753548297031102e+03
3.693704569338959118e+03
1.003216385878553183e+03
2.462753025557808542e+03
7.605517576070344148e+03
6.691690921542988235e+02
6.958263786398950288e+03
3.869436537612976963e+02
5.866652383275589273e+03
4.838573003444576898e+03
9.702822837243328422e+02
6.982037248215990985e+03
2.464208169593961884e+03
1.471738539561458083e+03
6.386808166856808384e+03
4.185699958093796340e+03
4.721001488666581281e+03
1.350952522775557554e+03
3.998466524391501480e+03
3.334095980027416317e+03
7.460056030817123428e+03
7.217281647433029320e+03
3.412942056199102581e+02
1.484807390289262230e+03
1.958992489157561522e+03
1.096440997768202578e+04
5.216521017667381784e+03
5.752991519832611402e+02
3.646678495772702718e+03
1.823763643114567003e+03
4.153300231631833412e+03
7.761443107920098555e+03
1.062227889936556949e+03
2.453815769705775892e+03
2.013323019279934670e+03
7.665718579053756002e+03
5.056445504875391634e+03
1.045932339988713238e+03
2.242005678250709934e+03
2.129530962743182045e+03
1.094699444870350453e+04
2.935578347567968649e+03
2.424772713164669767e+03
1.779220909519032375e+03
5.085789592610439286e+03
8.568728275076142609e+02
4.467171928107545682e+03
2.978870222730878140e+03
2.538113322396399781e+03
3.270691426413562567e+03
3.442783577074242203e+03
4.785443738474918064e+03
1.763185848540122834e+03
2.057920158041340073e+03
3.265588432597765404e+03
4.907314894561625351e+02
7.677737236884586309e+02
1.061837304000573567e+03
2.839674412028296615e+02
2.882391307140728259e+03
3.577472062008773264e+03
6.499029491151583215e+02
1.790907484368881796e+03
1.589909953815364133e+03
1.924985361347033631e+03
3.116839531140953568e+03
5.049850013985871556e+03
9.163856105075708456e+02
1.298645583461643128e+03
2.613998741459552093e+03
4.085655888829977357e+03
2.644479645961297592e+03
1.717310196440242635e+03
2.060025792799001010e+03
5.357854186945071433e+02
5.338543555435508097e+02
8.612222479154761459e+03
5.927122863167290916e+02
2.430661988725781612e+03
3.518911318028234291e+03
4.120446250298357882e+03
9.615037244295745040e+03
9.296967549114872327e+02
2.160737731019423336e+03
1.964119554736278815e+03
4.768197150571475618e+02
5.077068097294868494e+03
1.504134962712874767e+03
2.279312150205228136e+03
5.235949820272617217e+03
2.680485363485242488e+03
4.243592779309515208e+03
1.017255434190421852e+03
2.943903811172903261e+03
7.797665804375240441e+03
3.905343273849057368e+03
3.116013342138291137e+03
9.122028389929722607e+02
1.413204957495938515e+03
2.070509806818988636e+03
2.447618745498682074e+03
4.147303643985022063e+03
3.764421346557403467e+03
4.323532204674875175e+03
1.909403027478895865e+03
2.464466570624370888e+03
9.749150808560989390e+03
3.077851350732270475e+03
2.339178378538067136e+03
3.396411037298762494e+03
2.455270465113870614e+03
3.680618327445365139e+03
8.995960028312229042e+02
1.540636528847848467e+03
4.899691756502690623e+03
9.753951067724725362e+03
2.945322150376657646e+03
1.761599511879034935e+03
4.191891389146214351e+03
7.814333585378465614e+03
9.774219900325044364e+03
2.860274742974908349e+03
9.697920498330501005e+02
3.776701680106456479e+03
6.377890529118451013e+03
6.302173075668808451e+03
4.813388859498322745e+03
1.017189610723571263e+03
1.458303886003135858e+03
5.121409346525572801e+03
4.198590374511779373e+03
7.473937518029167222e+03
1.675871413126546713e+03
1.674726313184201672e+03
7.989859813379154730e+03
2.834390157725511926e+03
2.909474117917624426e+03
1.016627291868789030e+03
1.334770533083373266e+03
4.839960064783565031e+03
5.963968759140431757e+03
3.106429041794312980e+03
1.663841357601480013e+03
2.100066016377017149e+03
3.481037476805659935e+03
5.799157667205550752e+03
7.199088978492710339e+03
2.978850005966462049e+03
3.605421847270346461e+03
6.361519290698329314e+03
1.094825869624237566e+04
6.408664812198287109e+03
3.008070163950831557e+03
1.488880615874046271e+03
2.069114288031203614e+03
1.051879627189432540e+04
8.003797118313771080e+02
1.017311821389940746e+03
1.931334646190209469e+03
3.279402756697560562e+03
1.098318713513652438e+04
5.279482805535667467e+03
4.392580787745826456e+03
5.929506019233313054e+02
8.775910384447173783e+03
7.269915245048322504e+03
1.315367803507896315e+04
3.108416862723942359e+03
3.882762491219851199e+03
7.854006258900194553e+02
4.719063260958642786e+03
1.316196722901532667e+04
3.152796172967827260e+03
4.446121529746154920e+03
3.411026946706841045e+03
7.775067468887823452e+03
8.859489460231105795e+02
8.850454523712999162e+02
1.357387834041721817e+03
2.778697790552796050e+03
7.255654005341720222e+03
9.860888474241183985e+02
3.028576376548502594e+03
4.850335749267136634e+03
6.333118864282319009e+03
8.074820109744312504e+03
5.181614449848366348e+03
3.234819452396799988e+03
4.882890821473095457e+03
6.622526238660134368e+03
1.097926990793618643e+04
4.829987173450767841e+03
1.749440806855363235e+03
4.624003467017269941e+03
6.420471406706431480e+03
4.421328844631725588e+03
1.316184068640145051e+04
3.121944839333086748e+03
6.582281010093664008e+03
6.058745058477898056e+03
1.096787044178575525e+04
5.248093864237323942e+03
2.540474016943084905e+02
1.423641866860479013e+03
5.015753647821607956e+03
1.094140118790194538e+04
1.314822469964202719e+04
3.166640476153153941e+03
6.579668729744999837e+03
3.132455240405682616e+03
2.432253366964087945e+03
2.752477979806389158e+03
2.996618607779236754e+03
1.408427507678141865e+03
1.746184822757071061e+03
6.269640592564994222e+03
7.608387975147465113e+03
1.381452365899286178e+03
4.501489677081871378e+03
5.108949661577575171e+03
3.773417345190754077e+03
4.817917453373293938e+03
8.997615273618833953e+02
2.221979280675809605e+03
3.600701576725010455e+03
4.123171003841143829e+03
5.424642947549343262e+03
3.237676576655655026e+03
6.586571332475389681e+03
4.760189138394460315e+03
4.343697806433080586e+03
4.940237623850422096e+03
1.031386112609081238e+03
2.786526672837875140e+03
3.421727161498382884e+03
1.097922327965454861e+04
1.317031488957337024e+04
3.093008171999494152e+03
1.601507760166121216e+03
6.568305421116916477e+03
9.963278052846248102e+03
9.362486122537384290e+03
1.762219478637227894e+03
5.941361207949813434e+03
5.001173745461013823e+03
2.294089842802021394e+03
1.312881143053072446e+04
1.266991495347976979e+03
1.501473253730532861e+03
8.774344592859946715e+03
4.537486135990252478e+03
5.305022241306020078e+03
1.044770936127603136e+03
5.049708315781294004e+03
8.755251163472372355e+03
9.705900049637371922e+03
3.764958826901056909e+03
8.407558607558326003e+02
1.358105782776957312e+03
7.881716735896251521e+03
2.469785091481589916e+03
4.992169972521038289e+03
4.386870003283655024e+03
6.574494373799828281e+03
6.619088835937491240e+03
8.055240411513404979e+03
4.789880113132596307e+03
9.738119017041138932e+02
1.562616234926538255e+03
6.221697342555371506e+03
1.096785284605424749e+04
5.261220401838766520e+03
1.076141528503177369e+03
6.589233871066824577e+03
6.289174176527330019e+03
8.067271431510030197e+03
5.226187459312644023e+03
4.390939624941249349e+03
1.410433551341715429e+03
3.176970547424224151e+03
2.623880254103157313e+03
3.642236364080148178e+03
5.631292614191916073e+02
6.584241147736618586e+03
8.780207309767552943e+03
4.378823320475393302e+03
3.886185924933919864e+02
3.089318111644573946e+03
6.589212230816722695e+03
8.765068787890228123e+03
1.096244734481458909e+04
2.682045037526076612e+03
9.284137379364854041e+02
6.580216353506668383e+03
8.768321951548416109e+03
4.083868034375157549e+03
4.900094542230323896e+03
4.380344138705545447e+03
1.540089862351199599e+03
8.761616669265158635e+03
1.095231929654511987e+04
3.101085785335785658e+03
4.379441131360585132e+03
1.471197697985146533e+03
8.763183523112815237e+03
2.318737866333935472e+03
2.914248209617663179e+03
8.367888257155423162e+02
6.587334953901103290e+03
8.760864722419621103e+03
2.430789602892359653e+03
3.740848350099648997e+03
1.452917764405827711e+03
4.003551643824762323e+02
3.827965583050723581e+03
1.095184699447461026e+04
1.315987993051765625e+04
1.522407341591169370e+03
6.585057026252001378e+03
2.028398329712638542e+03
4.230039389217093230e+03
9.293316657802997725e+03
1.525904395340944120e+03
1.486431113193146757e+03
8.779539906435315061e+03
8.043543713246608604e+03
9.333237004128250192e+03
1.089276558234120785e+03
1.632223378302288893e+03
8.779953984297995703e+03
4.238741909763707554e+03
2.923751291257560752e+03
9.023402103072970704e+02
2.151389892684192091e+03
8.778086002888174335e+03
2.846337963885148952e+02
2.980414572159677391e+03
9.735030859415560371e+02
4.448908328964023895e+03
1.969190338667457127e+03
1.095728676219641238e+04
2.760323043944429173e+03
1.395389676144183113e+03
1.924126975525000489e+03
8.782742865108224578e+03
4.298762147394849308e+03
3.278770299071042018e+02
9.301958456301618980e+02
3.748834021831770769e+03
8.770015732752244730e+03
1.096757900235791749e+04
9.183232029120616062e+03
9.741360131727244607e+02
6.587453579008203633e+03
2.788169441785937579e+03
1.096924935947231461e+04
9.846497781487740212e+03
4.395426237261955976e+03
2.689569756274528345e+02
3.051977190142757536e+03
1.096658114550438404e+04
1.314346832511433422e+04
3.167092277920790366e+03
4.328983790835879518e+03
2.025295450006545025e+03
6.024580737913634039e+03
7.279809858861376597e+03
4.388135605069019221e+03
2.510693201384067834e+03
7.865936895841213300e+03
1.096023145688266777e+04
7.214569543394143693e+03
2.406235548681720047e+03
3.666634348139992653e+03
5.080636268375568761e+03
7.676418444247587104e+03
1.314487989012768594e+04
1.369500346520448375e+03
6.584483493386404007e+03
8.719262001364595562e+03
3.779424254280585956e+03
1.315403744522467969e+04
9.326512496532330943e+02
1.546402582276153680e+03
2.353463255558817309e+03
1.096445733030986776e+04
1.314153420450997510e+04
8.561987694023895301e+02
4.183833873164052420e+03
5.718066552344606862e+03
4.031719466684423878e+03
3.463924433854250765e+03
1.410022544375121015e+03
6.588808149250670795e+03
8.780432308479159474e+03
4.319636684043382502e+02
1.315660495249138512e+04
4.115391213431461438e+03
6.587255446487501104e+03
3.680762845479190219e+03
1.095520496515163723e+04
1.315919994644928920e+04
9.149001048422898066e+02
6.589883604309471593e+03
4.762414125738812345e+02
1.096984186132394461e+04
5.644545691640809309e+03
3.729783187766997798e+02
5.057233394509257778e+03
3.455912552297377715e+03
1.096665742104689889e+04
1.315842718795861038e+04
9.167878353920809786e+02
4.322057366976985691e+02
1.981379883406108320e+03
1.096676318900721890e+04
1.315082736329214458e+04
9.315201237284697982e+02
6.585506062614113034e+03
8.766646090707963594e+03
2.863105563054967661e+03
3.034167421390833624e+03
9.927395453777746752e+02
6.584442234967827972e+03
8.772822168678088929e+03
1.095312952692013823e+04
1.314251029250436113e+04
1.118203137205027360e+03
1.430766002016621087e+03
8.775289700608289422e+03
1.095841990596261712e+04
1.315722257816290403e+04
1.030537607835509561e+03
6.585925043021091369e+03
8.781285599633345555e+03
1.096116537432350924e+04
7.224208146033506637e+02
9.714529107067290852e+02
4.827254345642883891e+03
8.770468023350724252e+03
2.245797752211734348e+02
1.313772184215817651e+04
9.720439987670104074e+02
1.587294525210709025e+03
3.654143658456695448e+03
1.095220965013026580e+04
1.313304188193181653e+04
8.869012684741422845e+02
6.585277649586350890e+03
8.768851036383539395e+03
9.566562026584129853e+03
1.313970253240658531e+04
9.896918122304685994e+02
6.589998983345007218e+03
8.768201707696131052e+03
1.094430814207114418e+04
7.439774091541517009e+03
3.112716470175237191e+03
6.574171223970268329e+03
2.029431943042144212e+03
6.204456790909572419e+02
7.114916373200737326e+03
9.453499482776538798e+02
6.569785690553389031e+03
2.001189372261710332e+03
2.988627991330750774e+03
1.264311517616745550e+04
2.826899993833415010e+02
3.561833808299475550e+03
5.056105794343019397e+02
7.943483255231297335e+03
1.313426110023124238e+04
1.019586231186336818e+03
6.001664656180450038e+03
4.935713590852881680e+03
1.095636437009538895e+04
2.922597164638392769e+03
2.953551210148682458e+03
6.583724394127104460e+03
2.746656624560841919e+03
1.096473648151101042e+04
3.327186880051716798e+03
1.334418178530825116e+03
6.593055040026935785e+03
1.988315657032896752e+03
6.330703534701821809e+03
5.100442029450805421e+03
6.340102014805872841e+02
6.579848912316519090e+03
2.082222437873292165e+03
6.722754417984194333e+03
2.749391131228144786e+03
9.600465322870410319e+02
6.527127759231720120e+03
2.654939827782307930e+03
2.607151750566213195e+03
9.136816734018342686e+03
9.435434987931768092e+02
6.589406249708481482e+03
3.253719117367422768e+03
2.462718208706473888e+03
7.453797736647039528e+03
1.060706977369794913e+03
6.582044211242377969e+03
2.101199833808404492e+03
1.095655061400398336e+04
1.035667343234015971e+04
9.445591409892863339e+02
6.588328831954684574e+03
8.761751445379459255e+03
7.679161870833371722e+03
9.742423752968614963e+02
4.389682676284372064e+03
6.578989138913589159e+03
4.972118055627547619e+03
1.094954319622297407e+04
1.313615354985173144e+04
1.018960118385330247e+03
6.585522720242012838e+03
8.771288187105215911e+03
1.095936320671184876e+04
1.205877975864821201e+04
4.387499806143252499e+03
5.842012075637308953e+03
8.762196573816208911e+03
2.490398067602036463e+03
1.313976960762293857e+04
4.388990408150537405e+03
6.583561106364991247e+03
8.775727364855998530e+03
1.096638326608300122e+04
1.315306210127968006e+04
2.496444369337893477e+03
6.578519875514979503e+03
8.763613570104749670e+03
6.396989441427882412e+03
9.167136733496510715e+03
4.390021759747834949e+03
6.583088914141889290e+03
7.860194512964851128e+03
2.406319415544211552e+03
1.313350534671308196e+04
3.059422130344869856e+03
6.572699232369596757e+03
4.916422428992817913e+03
1.294270721247024994e+03
1.313842708858342303e+04
4.387880920714126660e+03
6.576274946765183813e+03
2.301857131869072873e+03
1.097284651230926283e+04
1.316023627437609866e+04
1.093215493464051406e+03
6.578515719640614407e+03
8.764392131054926722e+03
1.096554654283993841e+04
1.315523733930910203e+04
4.389863968563743583e+03
6.586927340860862387e+03
3.545439697260214416e+03
2.694349504314578098e+03
7.621807090818829238e+03
3.118094060572345370e+03
6.579089330137713659e+03
8.766151412070443257e+03
1.095959474086114460e+04
1.316084858944517146e+04
3.907901186977460839e+03
5.395237651269032540e+03
8.765076636055993731e+03
6.152441276796119382e+03
4.833786433576449781e+03
9.721034616784179434e+02
3.677112515392784644e+03
8.771945018689382778e+03
1.095671884809518815e+04
5.053756596463438655e+03
2.341626125688797856e+03
6.575409174666820945e+03
6.424028010915690174e+03
1.096635915161687626e+04
4.843581713119883716e+03
4.389766423173873591e+03
5.781078531891999774e+03
8.769160140134654284e+03
4.718624230186190289e+03
9.245964924485597294e+03
4.390963064795480022e+03
6.572506379674638083e+03
8.772194838492137933e+03
1.097720638937706281e+04
1.317114217742936489e+04
1.921208353074374827e+03
4.830508431530819507e+03
8.772255230727703747e+03
2.517778666815815086e+03
1.315259159486308636e+04
4.382760191287668931e+03
6.576128918189035176e+03
7.658976661337398582e+03
1.096891456088890482e+04
4.610928930236721612e+02
4.384152510568949765e+03
6.586415326084529624e+03
8.780857534100088742e+03
1.098076417079528983e+04
8.849825198077003733e+03
4.392641388032429859e+03
6.583202580913821294e+03
8.776987557308417308e+03
1.096570556936122557e+04
1.317110356287217655e+04
2.971912047547958082e+03
3.678248724456228501e+03
8.791669440131341617e+03
1.049595876624771336e+04
9.629404399672073851e+03
2.687406007208027745e+02
6.588260295030176167e+03
3.729113731561662348e+02
4.478700228199644471e+02
3.294357426475229204e+03
1.906946157196839067e+03
2.692025652044993649e+02
8.775681388340368358e+03
7.607602601598018737e+03
9.995902000801483155e+03
1.088566403302004119e+03
6.588192045423281343e+03
8.781266840437099745e+03
7.703255647592160130e+03
1.316136910323345910e+04
3.148494009688395636e+03
6.581278827677133449e+03
8.440020604568710041e+03
4.664020742417695146e+03
4.973278012949972435e+03
4.385746326065242101e+03
6.586102816781301044e+03
8.777962433241838880e+03
8.008835950013430192e+03
1.316423245249287356e+04
4.384885456018050718e+03
6.584874466388902874e+03
7.820542863872864245e+02
1.098453202004090235e+04
1.316898855079705572e+04
4.391525279331322963e+03
6.580523831067974243e+03
2.335826147739023781e+03
9.893906615780311768e+03
7.968532203827479862e+03
4.386031466166697101e+03
6.583732527272752122e+03
8.782593081573062591e+03
7.852697640490323465e+03
1.228911854111568755e+04
1.996258355938467048e+03
6.580129251730207216e+03
3.515331567337380420e+03
1.096582706084082929e+04
5.152405914790238057e+03
1.718991908387890589e+03
5.046414057892565097e+02
3.546235504995095198e+03
1.096735065831229076e+04
4.889511421914642597e+03
1.835352504306433275e+03
1.659604025490657705e+03
8.775921655647132866e+03
4.330518852403132769e+03
9.370857280075928429e+03
4.380900420378875424e+03
6.579515041323278638e+03
2.214095981699375443e+03
1.096929434299633613e+04
9.213943110229945887e+03
3.321355178302524564e+03
6.581341057130104673e+03
2.410294939694251298e+03
1.096982086180070291e+04
3.225255644369780839e+03
2.436619391769168942e+03
2.249371404830890242e+02
2.607364276253564640e+03
6.613432400335302191e+03
1.156397598054501395e+04
4.385431002473883382e+03
4.420946292112768788e+03
8.767707833368411229e+03
1.096359787865497310e+04
1.314556117834692668e+04
1.950339167885060078e+03
6.579024356229962905e+03
2.170787076413928844e+03
4.469259459639976740e+03
1.315353761933467104e+04
2.995056364667120192e+02
3.708935319707717554e+03
8.775633818794849503e+03
2.528028833391631906e+03
3.113125999834380309e+03
4.388198269363845611e+03
6.576420465287617844e+03
1.970974443890347629e+03
1.095471743193608381e+04
4.925540299919635800e+03
3.217770380888684485e+03
4.154234194291308086e+03
2.678436139244689457e+03
1.053731383523258773e+04
3.636526218311184948e+03
4.388664562413388921e+03
5.831924409127899708e+03
5.685919940730203052e+03
1.096970991410830175e+04
5.626757061110058203e+03
9.127354230071717893e+02
6.573373945043422282e+03
8.769518409622933177e+03
9.867760668805402020e+03
8.217490276534435907e+03
9.271055648353167271e+02
6.576780413054024393e+03
8.768401823388243429e+03
7.929185339330830175e+03
1.316304004245643955e+04
2.459003928661290502e+03
2.824970678341551775e+03
2.277293752362756550e+03
7.559008013616301014e+02
1.316465537430504810e+04
4.469113674352983594e+02
6.578161755731675839e+03
2.716050712775041575e+03
1.096788483906514193e+04
4.657290169221691031e+03
4.383537363216772974e+03
6.578665930384117928e+03
2.418315758232756252e+03
1.096941176586032452e+04
1.315882304357136854e+04
2.179873436943473735e+03
1.569613677867293063e+03
1.805450254476592590e+03
2.711702012898322209e+03
2.819615975261152016e+03
1.045535392507565803e+03
6.570376938071140103e+03
8.774452032315217366e+03
1.024164353012247739e+04
1.315877569908002442e+04
3.064633448126802250e+03
3.635502839424774720e+03
8.773120968804963923e+03
8.087720407656888710e+03
1.315300505749062722e+04
3.135522480240490040e+03
6.577625318080318721e+03
8.783526092237234479e+03
7.944683914246042150e+03
9.437890788351447554e+03
4.386552596506508053e+03
6.588925376948208395e+03
8.765307864643591529e+03
8.260409037115809042e+03
1.315884129161146120e+04
9.293749798418300543e+02
1.629056703365213934e+03
8.764367490888771499e+03
4.476684143332987333e+03
3.066887068178447407e+03
1.718341056488418644e+03
6.589722107996008162e+03
5.647848976630548350e+02
4.432294217549889254e+03
1.316395999529421533e+04
4.384678118536215152e+03
1.369954866533451877e+03
2.110585835871485415e+03
5.340450431526428474e+02
1.315642198068046855e+04
9.157105895574270562e+02
4.881970421527305916e+03
5.177594762632389575e+03
1.096423088522823309e+04
5.125761767584453992e+03
2.419927998652067799e+03
6.585967726485161620e+03
8.775424055715682698e+03
3.960501748635512286e+03
5.216587452920376563e+03
4.396042595011799676e+03
6.579555928056823177e+03
7.842021024285112617e+03
1.096672003419766588e+04
9.683311560978554553e+03
4.396659054319421557e+03
6.577454352714523338e+03
8.771426044268284386e+03
1.097354768929953207e+04
1.316655617097188224e+04
4.387854639382200730e+03
6.583975646075907207e+03
8.782025680900664156e+03
7.878976450827006374e+03
1.316980686386415800e+04
9.456341556007539566e+02
6.577526882265249697e+03
6.250272812410694314e+03
8.058194949499698851e+03
9.854026625723430698e+03
5.919964412024733065e+02
6.586895514370236015e+03
8.777659498414650443e+03
1.095865326361716507e+04
1.315489706575234595e+04
4.391717743555263041e+03
6.581856544148116882e+03
8.777416770565854677e+03
9.732109551351886694e+03
9.560320852935163202e+03
1.616923609504361593e+03
5.879258704623674930e+03
8.779107944433746525e+03
1.094998625339248611e+04
1.315818737353273900e+04
4.392918321859961907e+03
6.577811985069592993e+03
3.573622495448194059e+03
2.684447740357153180e+03
7.859544768667138669e+03
3.146675562000706122e+03
4.536003330377845487e+03
8.770525604613763790e+03
3.998669265832478686e+03
1.315186942227687177e+04
4.398288091234116109e+03
6.025776115098980881e+03
4.878347402518467788e+03
1.097482758443371858e+04
5.333747590197421232e+03
4.387619485820808222e+03
1.746291387516007262e+03
3.137715170236012341e+02
7.547212150378843944e+03
4.615914707224526865e+03
1.485136983561786565e+03
4.744190980636828499e+03
8.087379586287784150e+03
1.097053932311314384e+04
5.143348501060248964e+03
4.396619782384283099e+03
6.580084499397537911e+03
8.772592413535297965e+03
7.928898512214409493e+03
2.934529579877173546e+03
4.388920337527542870e+03
6.583656915837688757e+03
8.777688157103448248e+03
1.097017575502695399e+04
2.824640623388686436e+03
8.403809071019998100e+02
6.572642985424005019e+03
8.774358326124924133e+03
4.365782671028601726e+03
1.315882839183236501e+04
1.002957683746472981e+03
6.587705077392165549e+03
8.780517047202376489e+03
4.295193844028864078e+03
5.118763343581356821e+03
1.689476044755324892e+03
6.582614160905479366e+03
8.778187872362828784e+03
4.291135831682693606e+03
9.536145968368946342e+03
9.458583801082810396e+02
2.629265116043777653e+03
6.312737523511746986e+03
1.097255867639772805e+04
4.737575304329008759e+03
4.391606044015848966e+03
1.745712949490535948e+03
3.676847147527753805e+03
8.142987711821855555e+03
1.315910874329173748e+04
4.391075867518476116e+03
2.667951550242218673e+03
8.768442370441287494e+03
1.096102816406685452e+04
3.110959690668968051e+03
3.370325246103390327e+03
6.578304814843478198e+03
8.769237577292267815e+03
1.096663087315364282e+04
1.315503572616731799e+04
4.391955284977903830e+03
1.690622268178680997e+03
2.147553419448683144e+03
1.097449283794350413e+04
5.119745222788757019e+03
9.431751553930436103e+02
5.898328566432803200e+03
3.142093880193977498e+02
4.359910439913890514e+03
1.136371997040719634e+03
4.392971715454226796e+03
6.583073770399548266e+03
3.664224515110495759e+03
1.096107116419278827e+04
3.968004268594776931e+03
4.397247216364554333e+03
6.578756413659642931e+03
8.767483858291790966e+03
8.263220763446432102e+03
1.314764871375025905e+04
9.905511687667429896e+02
6.573147994664170255e+03
4.991976255508733630e+03
1.095434193658673939e+04
4.697402445818623164e+03
4.389722466995895047e+03
6.575783874025573823e+03
2.059746299249139156e+03
1.096062215368587931e+04
1.315827887931453915e+04
1.063439605553440515e+03
1.686641386742192253e+03
8.775021695324319808e+03
2.796543407143100922e+03
9.763390251090148013e+03
4.390582002120600919e+03
6.581170707516457696e+03
8.770570107507453940e+03
4.128584941754997089e+03
