6.820655329272060086e-02
6.820655329272060086e-02
6.788874276327028223e-02
6.922616236193905592e-02
7.031121863682951445e-02
7.028079624118316326e-02
7.174791724872942034e-02
7.224315620768889668e-02
7.198667554135043667e-02
7.144701659582988751e-02
7.252817296776786771e-02
7.296240644994485269e-02
7.355553394239476572e-02
7.381609111340910190e-02
7.395965326682436836e-02
7.405100180980378477e-02
7.413338927176639503e-02
7.424905838480362619e-02
7.433678936116352998e-02
7.447082788180960089e-02
7.453485777875071272e-02
7.462755443257737542e-02
7.461720861897729040e-02
7.363067659759446604e-02
7.466076912092443896e-02
7.463244677970344576e-02
7.455563913121780739e-02
7.387113930194481870e-02
7.497605990033118228e-02
7.483524521667726803e-02
7.512321642091072948e-02
7.414441877045367668e-02
7.557641303103163066e-02
7.556105501353342635e-02
7.583492106503876562e-02
7.472884146022407137e-02
7.583676233280754742e-02
7.591801069182857464e-02
7.699584986752178173e-02
7.652499839296103556e-02
7.756884190213142460e-02
7.692461219300397723e-02
7.754785578327914874e-02
7.684181195827874400e-02
7.776827584681476890e-02
7.748762315428429914e-02
7.826919288600039937e-02
7.788374923716470666e-02
7.837599965323610585e-02
7.793677762125261754e-02
7.863840045439675353e-02
7.815596602009911020e-02
7.850538126050063403e-02
7.792341227965662864e-02
7.853049829676032878e-02
7.805364089358320101e-02
7.850350454419031954e-02
7.776662244690717152e-02
7.808476150524555626e-02
7.744146778126038966e-02
7.775691903194287269e-02
7.722452467639615015e-02
7.765451857959176918e-02
7.707366280152690152e-02
7.705678466788604131e-02
7.621741778848671600e-02
7.656117721768539164e-02
7.618880582380985200e-02
7.649820867174617067e-02
7.612230013698749465e-02
7.678187890913391878e-02
7.635881071620337357e-02
7.627351154866868210e-02
7.594132750642658414e-02
7.642313363021163708e-02
7.629775375130165571e-02
7.613910381264886451e-02
7.571734126573485824e-02
7.565887107540768264e-02
7.529522988200471056e-02
7.538485879459250194e-02
7.498091580397144018e-02
7.481096078828472495e-02
7.459130340093966804e-02
7.439839039118935349e-02
7.404325279621885858e-02
7.391240797957607245e-02
7.359191179009524908e-02
7.342591071018665649e-02
7.318759919782169554e-02
7.325357824184190736e-02
7.302521781254671385e-02
7.277423585164875808e-02
7.234609976608082083e-02
7.206469413333074781e-02
7.173348973266364947e-02
7.161296353259301306e-02
7.151148622483258221e-02
7.136771659409234247e-02
7.127323372989780026e-02
7.078969752034638963e-02
7.036070666417201802e-02
7.004386732018480499e-02
6.997907823495948254e-02
6.950597888102151567e-02
6.932571626249291186e-02
6.895682713351017346e-02
6.905276518812029918e-02
6.872690719859830821e-02
6.855659307653870493e-02
6.821029080449923787e-02
6.798766348958135142e-02
6.726699973384847597e-02
6.703044512951839007e-02
6.623189061514993259e-02
6.639186827989082551e-02
6.601320425214990406e-02
6.613912286633835680e-02
6.556642846988629258e-02
6.566850352036585070e-02
6.535741364002820020e-02
6.554573305003158490e-02
6.495953148227251450e-02
6.497452525371129328e-02
6.420013079703158765e-02
6.427893659139084781e-02
6.392167578051054233e-02
6.372664556750355647e-02
6.334206572586158213e-02
6.345491189270902055e-02
6.332641624389384605e-02
6.346391341813603648e-02
6.368078717207170669e-02
6.394491668950676166e-02
6.428147921890743632e-02
6.477846208957678542e-02
6.470482464919381782e-02
6.490134806843747550e-02
6.467205452664581689e-02
6.496800461850166242e-02
6.499372260654880107e-02
6.496214886938204980e-02
6.535939683859237626e-02
6.574396319600470107e-02
6.522259893129239705e-02
6.504364008290551558e-02
6.517562540102106450e-02
6.527813717560204676e-02
6.559121754215302413e-02
6.561239970269117094e-02
6.601054607764549054e-02
6.607597452043077746e-02
6.609426851043267992e-02
6.629079249303279631e-02
6.678467921880001934e-02
6.669384961703274384e-02
6.697299279929889992e-02
6.714609261967481590e-02
6.774143521708952953e-02
6.777903242417031293e-02
6.765091139292424283e-02
6.741951161057949116e-02
6.792854936417819234e-02
