6.820655329272060086e-02
6.820655329272060086e-02
6.777650433422897913e-02
6.907237296142049177e-02
7.001353169113630481e-02
6.990375701823989263e-02
7.128334124269745942e-02
7.156882450184588740e-02
7.112667037428636874e-02
6.959304346737106572e-02
7.064079897320310608e-02
7.118828034495422452e-02
7.177411057436487718e-02
7.227043362330035081e-02
7.253738308068513607e-02
7.265773276313566842e-02
7.266718095227767127e-02
7.263504466543740934e-02
7.257133626849122943e-02
7.247955743595485556e-02
7.229093880688078344e-02
7.248983781716887564e-02
7.250539662754230952e-02
7.233323706778467532e-02
7.337107190067336526e-02
7.348143543573347480e-02
7.390437823140987017e-02
7.313071623620961970e-02
7.351162165834077000e-02
7.293585593712871573e-02
7.354713355654228513e-02
7.282262560055892398e-02
7.381861944301082445e-02
7.328162844120834907e-02
7.432899386705638101e-02
7.385126767922071955e-02
7.413932057209343673e-02
7.322683145697091167e-02
7.403802331471502629e-02
7.359396065824581890e-02
7.488191133204462335e-02
7.460726798183235642e-02
7.479987575332529282e-02
7.388139871391659341e-02
7.465174251044172371e-02
7.406963488592967215e-02
7.539766919587993776e-02
7.513701225390496952e-02
7.481665363521673717e-02
7.378226921272200423e-02
7.451027926897324516e-02
7.418820489639160742e-02
7.508915025967628776e-02
7.458945825654644812e-02
7.495503405347293813e-02
7.421931921566890522e-02
7.536498200807779935e-02
7.496505364966973839e-02
7.552094994342198331e-02
7.476369330477281028e-02
7.564522839694140521e-02
7.518948321681813429e-02
7.448099236470860640e-02
7.337312850892695193e-02
7.441976237199500466e-02
7.449365677590581714e-02
7.419348036076695019e-02
7.353179172527080087e-02
7.460952670039766588e-02
7.448613523719486984e-02
7.424982197935157957e-02
7.381037534716823612e-02
7.513656288189532462e-02
7.498977150241681322e-02
7.473195074783600678e-02
7.378429107324019354e-02
7.472077913536095961e-02
7.446315485449962746e-02
7.529288143304717351e-02
7.480355947050047749e-02
7.529837817971601899e-02
7.444588173100474826e-02
7.486435673569459548e-02
7.430225660877792793e-02
7.374559482238346453e-02
7.305613684055552171e-02
7.379333825705813865e-02
7.354893633877924997e-02
7.456167831026691561e-02
7.429689991750924871e-02
7.426598665975640834e-02
7.338088657743008225e-02
7.463275106827625682e-02
7.454472853493575302e-02
7.477419654544482930e-02
7.379064187424780319e-02
7.479394976944797602e-02
7.455926618212749268e-02
7.473016125224697659e-02
7.381316190685796585e-02
7.480798225996868056e-02
7.471774535099738601e-02
7.453562219382778298e-02
7.349391125679219372e-02
7.343318390732253564e-02
7.271491061233203990e-02
7.261838573494691640e-02
7.203531927371234489e-02
7.227337742644540652e-02
7.190179965924838046e-02
7.207202619016542244e-02
7.193015163437430082e-02
7.218311723424303272e-02
7.200681410570687613e-02
7.164205704139585407e-02
7.102890850490864438e-02
7.097407761081749034e-02
7.065013159466007608e-02
7.034164723511045214e-02
7.007949138239215336e-02
7.045632082862959833e-02
7.053361822642938150e-02
7.090520933671640158e-02
7.078622819597611693e-02
7.073887470198768346e-02
7.042294854778917423e-02
7.010362005222217641e-02
6.993702843624456655e-02
7.002739982054541346e-02
7.005653900568910297e-02
6.972409158480029345e-02
6.910094216756948460e-02
6.849178960350559009e-02
6.828960367799774556e-02
6.833396310119063677e-02
6.853974217701748473e-02
6.873468990352182839e-02
6.882261353015951821e-02
6.861558685434031302e-02
6.854475629945219750e-02
6.805031458920050846e-02
6.796235668431939436e-02
6.811112466386183562e-02
6.818377395698331511e-02
6.833238607878751314e-02
6.846104183409049138e-02
6.815596343369191568e-02
6.784740388918607257e-02
6.759853487678481321e-02
6.763231330988084267e-02
6.778032685268441104e-02
6.811679786142543769e-02
6.807343191616167799e-02
6.785097091249252255e-02
6.749485864311312311e-02
6.730248157508507412e-02
6.735665925288862599e-02
6.736050195116909112e-02
6.734260952327172922e-02
6.728758846455624998e-02
6.703500740542459035e-02
6.675626073739963917e-02
6.699320016954722623e-02
6.695427945834471484e-02
6.726795392432136089e-02
6.736089095753598766e-02
6.769414188399522359e-02
6.760042203635832636e-02
6.769781404191556329e-02
6.749092753813823453e-02
6.779291546668503310e-02
6.780915672666985861e-02
6.810037536035584704e-02
6.814854990725160988e-02
6.870016062228098686e-02
6.869168487590172900e-02
6.909642459161959016e-02
