6.820655329272060086e-02
6.820655329272060086e-02
6.784059585343463206e-02
6.910299268309279264e-02
7.010320155151648913e-02
6.998603675278496083e-02
7.130214387527172848e-02
7.165005698477300289e-02
7.117613254824174673e-02
6.956077094400273109e-02
7.070515380168300446e-02
7.120060866352721785e-02
7.155910818838620568e-02
7.181712589700048333e-02
7.188020867307463868e-02
7.184542727202508638e-02
7.175540238542951754e-02
7.165579941508944117e-02
7.118000306363754526e-02
7.156710923460386786e-02
7.218991937143549864e-02
7.225811471930981833e-02
7.202691631666406635e-02
7.279830688352066648e-02
7.275394002351159850e-02
7.409831159501550912e-02
7.433732514380227141e-02
7.470230293337001837e-02
7.406600883396861901e-02
7.493548252530710108e-02
7.442376967898876872e-02
7.557001076893204994e-02
7.570628198246930063e-02
7.675624243514088396e-02
7.640641982122532705e-02
7.776531842781929382e-02
7.777884019158154416e-02
7.824598309319547029e-02
7.759375991887595969e-02
7.859876165082976818e-02
7.820602739091835065e-02
7.890206289630356806e-02
7.817604396245629583e-02
7.901398306861213972e-02
7.870258738943571031e-02
7.923482869463281675e-02
7.873273749123162191e-02
7.895890312875725181e-02
7.812602968014864535e-02
7.864534297044679934e-02
7.810942471210517712e-02
7.890296903065109613e-02
7.839802207548632329e-02
7.856239579724798305e-02
7.793949301954970765e-02
7.829868251289864856e-02
7.775338711527809976e-02
7.812663911606342049e-02
7.757446338170199962e-02
7.771592331721882685e-02
7.701340618634495983e-02
7.798519205419833511e-02
7.782754086955354089e-02
7.814089110630460799e-02
7.764527478829602591e-02
7.751583359791870687e-02
7.707815652197730349e-02
7.752183462368833489e-02
7.681402670084115647e-02
7.715362490540225715e-02
7.655964393445764682e-02
7.697532807155091361e-02
7.648182021462976432e-02
7.696945068937222079e-02
7.642039362175614969e-02
7.657583760263945993e-02
7.601853035469061104e-02
7.597790909451265784e-02
7.572979680972213856e-02
7.611289180027558388e-02
7.545236234361007988e-02
7.541671483283009236e-02
7.492631651982217811e-02
7.490219673026730918e-02
7.460418369954917306e-02
7.452086695626986002e-02
7.397971809097800278e-02
7.422886327241624838e-02
7.364843780689919739e-02
7.375702232762945676e-02
7.338747402843405487e-02
7.341642761764645420e-02
7.294418572698466163e-02
7.281391453807685432e-02
7.245956263623748450e-02
7.272117224865730367e-02
7.266486343797776137e-02
7.293742579908601975e-02
7.297005675308447514e-02
7.304233494528966641e-02
7.276249769522077915e-02
7.263563918086804461e-02
7.239620261002065182e-02
7.201442534648326566e-02
7.184914508691203627e-02
7.150699732463455804e-02
7.105010795876566532e-02
7.076253743827515263e-02
7.060525406170732599e-02
6.997892768666404140e-02
6.950481650459426619e-02
6.938854430071314527e-02
6.915698132046806113e-02
6.897382812415832343e-02
6.890435785780255062e-02
6.860778084892789341e-02
6.867559825701645415e-02
6.853906312999165362e-02
6.849710234703067224e-02
6.797899369113016843e-02
6.775665961846280561e-02
6.708584213691989873e-02
6.682415729279188310e-02
6.636465761118635898e-02
6.652173148468659702e-02
6.610580396758036770e-02
6.606175956736556887e-02
6.536743877461875796e-02
6.503900069975948606e-02
6.461346215794418202e-02
6.475972574813418370e-02
6.464497903270527424e-02
6.462090639674533676e-02
6.460097243577128667e-02
6.464926887229710539e-02
6.488701339205803220e-02
6.530255240293190988e-02
6.538981300851502698e-02
6.572466682373939717e-02
6.545036542636221977e-02
6.553768091782263827e-02
6.504452123125409324e-02
6.500206006228054223e-02
6.452965445978822712e-02
6.466408121325446789e-02
6.404956119103012713e-02
6.444120106046127838e-02
6.433741851538676837e-02
6.462423177402851215e-02
6.428025759919853144e-02
6.450157967978054074e-02
6.370946054435003281e-02
6.399094828120831246e-02
6.387074711077098121e-02
6.426921390188679306e-02
6.413732588143626623e-02
6.469929733513155035e-02
6.433976466371875425e-02
6.450719224237889959e-02
6.395460196795223207e-02
6.408300966763304241e-02
6.377414690895756577e-02
6.404986546630052346e-02
6.423090367513716037e-02
6.453689737159062911e-02
6.432902505844730057e-02
6.457785662590802278e-02
6.381883457567963380e-02
6.413230186312786352e-02
6.435673840360946196e-02
6.471699272349235033e-02
6.419281435148813109e-02
6.425736513766110158e-02
6.384287889450718234e-02
6.395038592071267125e-02
6.414436799947376144e-02
6.482658958906459268e-02
6.485325316327336664e-02
6.499311974614743748e-02
6.438657164451898340e-02
6.442147665163709680e-02
6.405696928978153737e-02
6.428516463548464288e-02
6.430574613288617125e-02
6.462401502910804230e-02
6.454046031765114932e-02
6.526549978881035496e-02
6.500019193211166446e-02
6.536655528966864304e-02
6.536853796614228163e-02
6.575968440979890195e-02
6.604548256479521318e-02
6.636122237283668956e-02
6.627059483806121976e-02
6.644668605374363934e-02
6.646279523889658813e-02
6.632483612808467988e-02
6.625174761300611781e-02
6.608895032351681798e-02
6.642841070551865068e-02
6.650480210859442687e-02
6.681056255703869684e-02
6.723034422840588886e-02
6.755907179481548952e-02
6.766217361669091268e-02
6.769894038407363313e-02
6.782136953634683441e-02
6.839008796406205459e-02
6.877100681338602084e-02
6.856074769899664356e-02
6.888227418873268948e-02
6.875785261041737761e-02
6.918136676857776501e-02
6.877748689192339504e-02
6.878323694620290529e-02
6.974862058139856547e-02
6.978470560078711693e-02
7.003202004121503177e-02
7.035081878389705390e-02
6.983505007567543388e-02
